 intercept PC1 PC2 PC3 PC4 PC5 PC6 PC7 PC8 PC9 PC10 PC11 PC12 PC13 PC14 PC15 PC16 PC17 PC18 PC19 PC20 proband paternal maternal
intercept 0.0003090260680175715 6.00119814764522e-07 -2.336116729002868e-06 -3.013849162076817e-07 1.3170414645626647e-07 -5.474269634678671e-07 -3.57777958110841e-07 1.0204805898942351e-06 -2.1921736745913417e-08 8.969792765909713e-07 -3.724929678146483e-08 -3.7916201532942897e-07 7.006246675048808e-08 1.5295567582276248e-07 7.804812114004982e-08 -5.552644439287113e-07 -7.593892775472633e-08 2.5657002870876225e-07 -1.3225501528988418e-07 5.469912891259052e-07 3.8778742157234384e-07 -1.3106969645635965e-05 1.941614144397956e-05 2.3274249733346095e-05
PC1 6.001198147645221e-07 1.0107763481109002e-06 -6.844685538058027e-07 6.765118656096231e-08 -6.828773061150922e-08 -5.626254347598962e-08 -1.5669393776896038e-08 6.650607687850254e-08 1.1335721724444744e-07 -3.159022616313553e-08 5.0290989602317065e-08 -4.168371962691802e-08 2.417807946357317e-07 9.440523651481991e-09 -1.1548867207682292e-07 -1.9442561130443144e-07 -1.356272991162774e-07 1.3084142745331522e-08 5.1230139285091084e-08 3.26494925047661e-08 2.1662869219605396e-08 4.849393395896766e-07 2.1775957523291116e-06 1.793306936453719e-06
PC2 -2.3361167290028646e-06 -6.844685538058026e-07 1.8896077110921435e-05 2.45620232332597e-07 5.884040003896976e-07 -2.867042038891717e-07 -1.409410015522915e-07 8.276162671746389e-09 3.175978994279934e-08 -2.322706979010777e-08 -7.289519313536366e-08 1.1567658228026015e-07 -1.2242367011604593e-07 3.565150527526211e-08 -8.152349857067565e-08 1.5464344248906981e-07 -1.7339853863904027e-07 1.8498430840828805e-07 3.3829823633198334e-08 -2.0430832419696613e-09 3.9953559800365776e-08 -2.0671945666087485e-06 2.849997476178255e-06 3.997903115821884e-07
PC3 -3.0138491620768126e-07 6.765118656096234e-08 2.456202323325969e-07 2.056397878372485e-06 2.51141658515319e-08 2.879202424784179e-07 1.342966559016693e-08 4.360174668223573e-08 -8.008099514536252e-08 -3.162130387202305e-07 3.333494910497451e-08 1.241472244175933e-07 8.054093592238127e-08 -1.5951571503588546e-07 2.7399337078675564e-08 -2.2227176142852624e-08 -1.1653660511122126e-09 -9.005890528955432e-08 -1.3155769073668505e-07 1.0935832798442148e-07 4.633019435624268e-08 -1.4379280484977487e-07 2.0673108474202848e-06 1.33989921327701e-06
PC4 1.317041464562669e-07 -6.828773061150926e-08 5.884040003896983e-07 2.5114165851531875e-08 3.5150208883641824e-06 5.173783837821046e-07 -2.0144570545746132e-07 -2.386115602520407e-08 -3.745653688607874e-07 2.5632222494399014e-07 8.806258230181873e-08 9.347187256543601e-08 -1.987941336995599e-07 2.991354173317148e-08 -7.579412360244686e-08 -5.5511617318622535e-08 6.918772803913823e-08 3.627967308419202e-09 -8.925800396210832e-08 -7.641594148337974e-08 -3.8834476705752055e-08 -5.541002829296853e-07 3.945418226764053e-07 3.9696658467446114e-07
PC5 -5.474269634678674e-07 -5.626254347598969e-08 -2.867042038891718e-07 2.879202424784177e-07 5.173783837821049e-07 5.7796804475933345e-06 7.233591338288344e-08 4.930143126163626e-07 -1.541848602946814e-08 -7.43714467298807e-08 -1.1051483466954873e-07 -3.575497391268615e-07 1.9188666240295154e-07 -2.9064057518904715e-07 7.481540533751011e-08 5.9026998772798665e-08 -6.159906339441538e-08 2.4919770904717183e-07 -9.517503561474673e-08 9.897346933423792e-08 7.510834541710897e-08 -2.8360800549241524e-07 -1.2222391855890444e-06 -3.1495558438031354e-07
PC6 -3.577779581108417e-07 -1.566939377689603e-08 -1.4094100155229158e-07 1.3429665590166888e-08 -2.014457054574614e-07 7.233591338288336e-08 6.3683632556491916e-06 1.1166476186193024e-08 -1.082470212821046e-08 4.108456165295973e-08 1.5420489817939614e-08 -1.5520660403722042e-07 1.1070171453578256e-08 -1.747734741134855e-07 -2.8147737897385046e-08 -9.212427772698284e-09 1.2211515128118913e-08 2.6552319247207946e-07 -5.4493012272016724e-08 -2.178159248031015e-08 -1.161733321522346e-07 -6.047860235270478e-07 5.6579781616927296e-08 2.8595369741357305e-07
PC7 1.0204805898942347e-06 6.650607687850252e-08 8.276162671746392e-09 4.3601746682235766e-08 -2.3861156025204052e-08 4.930143126163628e-07 1.1166476186193062e-08 5.325965274011503e-06 2.4153831330304155e-07 -8.889855265378689e-08 -4.0377247008063205e-08 3.255637007698264e-07 6.004339942227897e-08 2.550950508447749e-07 -2.394635137250214e-08 -1.527868724546891e-07 -9.3188961546632e-08 -2.602557294361055e-08 5.016754497347318e-08 -6.355952099310009e-08 -1.2420376223125167e-07 6.061671523147103e-07 -8.64406593367139e-07 9.596047403716138e-07
PC8 -2.192173674591313e-08 1.1335721724444746e-07 3.1759789942799184e-08 -8.008099514536252e-08 -3.745653688607875e-07 -1.5418486029467967e-08 -1.0824702128210396e-08 2.415383133030415e-07 5.321763619951099e-06 6.6620805095527304e-09 1.5065575529775808e-07 -2.376957449733288e-07 1.1202837513698937e-07 -3.3691314177709234e-08 5.451666380865902e-08 -6.822845027098949e-08 3.5556840573095683e-08 6.57624699457706e-08 -3.611248513987449e-08 -7.749513721711797e-08 1.0322905272314679e-07 7.195689410434041e-07 3.573079259670299e-08 -1.3739762944848079e-06
PC9 8.969792765909713e-07 -3.159022616313547e-08 -2.3227069790107776e-08 -3.162130387202303e-07 2.5632222494399003e-07 -7.437144672988084e-08 4.1084561652959894e-08 -8.889855265378696e-08 6.662080509552701e-09 5.0581207686146036e-06 8.179940357390302e-09 -1.511314715833536e-07 -3.1296182437423024e-08 -9.450965228192662e-08 -7.801693011168116e-08 3.6394101657698926e-08 1.4751800569200263e-07 1.3008248242664387e-07 -2.1239641490860863e-07 -1.0531001712560624e-07 -9.676629049804907e-08 -3.9040646678279085e-07 6.480129679002446e-07 3.4794749589498555e-07
PC10 -3.724929678146462e-08 5.029098960231711e-08 -7.289519313536364e-08 3.333494910497444e-08 8.80625823018187e-08 -1.1051483466954873e-07 1.5420489817939634e-08 -4.037724700806323e-08 1.5065575529775803e-07 8.179940357390378e-09 4.628425606018156e-06 -2.1435348533790677e-07 1.5529318390690048e-07 -1.774149288881675e-07 -1.3801562875911515e-07 -9.348436616383989e-08 -1.404827511312234e-07 5.1499710439532766e-08 2.0590198604942238e-07 1.3436132369774667e-07 1.5014293355490125e-08 8.834892929141929e-07 -8.256655854072052e-07 5.180341249502445e-07
PC11 -3.791620153294282e-07 -4.1683719626918013e-08 1.156765822802601e-07 1.241472244175933e-07 9.347187256543596e-08 -3.575497391268616e-07 -1.5520660403722047e-07 3.255637007698263e-07 -2.3769574497332875e-07 -1.5113147158335344e-07 -2.1435348533790688e-07 4.577514724896443e-06 -6.658794870151194e-08 -4.6562230779118445e-08 -1.0041989560746214e-07 9.166740684237225e-08 1.2508948284978785e-08 1.471994940990492e-07 -3.514202697125919e-08 8.161346837205277e-08 1.769159458771088e-07 4.4570589669995346e-08 -4.3492049516171625e-07 8.086109589513557e-07
PC12 7.006246675048824e-08 2.417807946357317e-07 -1.2242367011604614e-07 8.054093592238129e-08 -1.9879413369955988e-07 1.9188666240295175e-07 1.107017145357828e-08 6.004339942227901e-08 1.1202837513698938e-07 -3.1296182437423024e-08 1.5529318390690038e-07 -6.658794870151198e-08 4.423516921828663e-06 1.014957461842785e-09 -1.4712876204706864e-08 -1.1253150627058257e-07 -7.145692669312923e-08 -2.965324310285449e-08 3.870831271690501e-08 -3.2234578998195454e-08 -5.207720987081897e-08 5.536834507673029e-07 -1.3416821899308156e-07 2.2547400002391412e-07
PC13 1.5295567582276235e-07 9.44052365148196e-09 3.565150527526219e-08 -1.5951571503588546e-07 2.991354173317162e-08 -2.90640575189047e-07 -1.747734741134855e-07 2.550950508447749e-07 -3.369131417770915e-08 -9.450965228192646e-08 -1.7741492888816736e-07 -4.656223077911841e-08 1.0149574618428716e-09 4.206562764066907e-06 -9.462744452169784e-08 2.1763146822559389e-07 4.370491770863496e-08 1.4632013788581492e-08 -1.1578721742597028e-07 2.4628459997238032e-08 5.298444802982666e-08 -7.688756462084552e-08 1.3726680318536667e-06 -8.358692261327204e-08
PC14 7.804812114004856e-08 -1.1548867207682287e-07 -8.15234985706756e-08 2.7399337078675617e-08 -7.579412360244698e-08 7.481540533751019e-08 -2.8147737897385e-08 -2.3946351372502102e-08 5.451666380865907e-08 -7.80169301116812e-08 -1.3801562875911515e-07 -1.0041989560746212e-07 -1.4712876204706877e-08 -9.462744452169792e-08 4.585348302801293e-06 4.406453743192432e-09 -7.748109597540921e-08 -3.3493509850688656e-08 1.0234016852916654e-07 1.2028570070960685e-07 1.1344570108565376e-08 -3.120480793834105e-09 -1.0021962066612694e-07 3.2296792304913614e-07
PC15 -5.552644439287115e-07 -1.9442561130443152e-07 1.5464344248907005e-07 -2.2227176142852673e-08 -5.5511617318622515e-08 5.902699877279855e-08 -9.212427772698385e-09 -1.52786872454689e-07 -6.822845027098945e-08 3.6394101657699045e-08 -9.348436616383987e-08 9.16674068423722e-08 -1.1253150627058273e-07 2.1763146822559397e-07 4.406453743192457e-09 4.355552094466627e-06 1.1695596014721874e-07 -1.6731317833234857e-07 -7.149026673004089e-08 1.0350892987428262e-07 8.497634833964147e-08 3.715477167619043e-07 -1.7150991978352273e-06 -3.6768992847861214e-07
PC16 -7.593892775472698e-08 -1.356272991162774e-07 -1.7339853863904038e-07 -1.1653660511121808e-09 6.918772803913818e-08 -6.159906339441542e-08 1.2211515128118977e-08 -9.318896154663196e-08 3.55568405730957e-08 1.4751800569200257e-07 -1.4048275113122337e-07 1.2508948284978681e-08 -7.145692669312924e-08 4.37049177086349e-08 -7.748109597540932e-08 1.1695596014721866e-07 4.455043112145387e-06 1.9793173063256484e-09 -4.34573111959813e-08 -1.438336342662801e-07 -9.376247986557518e-08 2.0945066315173919e-07 -2.388674775243389e-07 5.924394168539902e-09
PC17 2.5657002870876146e-07 1.308414274533149e-08 1.8498430840828816e-07 -9.005890528955432e-08 3.6279673084191884e-09 2.491977090471717e-07 2.655231924720795e-07 -2.6025572943610635e-08 6.576246994577061e-08 1.3008248242664384e-07 5.149971043953274e-08 1.4719949409904919e-07 -2.9653243102854485e-08 1.4632013788581603e-08 -3.3493509850688756e-08 -1.673131783323485e-07 1.9793173063256633e-09 4.091619663856289e-06 -7.996357214630855e-09 -4.8812646913044695e-08 9.363284857731655e-09 -8.776491966500994e-07 7.359342686344176e-07 -5.058353204753151e-07
PC18 -1.3225501528988405e-07 5.123013928509107e-08 3.382982363319827e-08 -1.31557690736685e-07 -8.925800396210834e-08 -9.517503561474679e-08 -5.449301227201676e-08 5.016754497347321e-08 -3.611248513987454e-08 -2.123964149086087e-07 2.0590198604942227e-07 -3.5142026971259176e-08 3.870831271690502e-08 -1.1578721742597024e-07 1.0234016852916658e-07 -7.14902667300409e-08 -4.345731119598125e-08 -7.996357214630883e-09 4.123564750208364e-06 -1.8344555292510477e-08 4.229748806622543e-08 3.393279117667522e-07 -5.790008182088671e-07 4.2773466222051725e-07
PC19 5.469912891259054e-07 3.264949250476608e-08 -2.0430832419696423e-09 1.0935832798442143e-07 -7.641594148337974e-08 9.897346933423792e-08 -2.1781592480310137e-08 -6.355952099310005e-08 -7.749513721711808e-08 -1.0531001712560618e-07 1.3436132369774667e-07 8.161346837205274e-08 -3.2234578998195494e-08 2.4628459997237993e-08 1.202857007096068e-07 1.035089298742827e-07 -1.4383363426628004e-07 -4.8812646913044615e-08 -1.834455529251054e-08 4.152441968331e-06 1.1170514941862417e-07 1.3296244630509671e-07 -2.8750430755892703e-07 -1.0403169442539648e-07
PC20 3.8778742157234394e-07 2.1662869219605443e-08 3.995355980036557e-08 4.6330194356242676e-08 -3.8834476705752036e-08 7.510834541710893e-08 -1.1617333215223467e-07 -1.2420376223125167e-07 1.0322905272314678e-07 -9.676629049804913e-08 1.5014293355490155e-08 1.7691594587710868e-07 -5.2077209870818924e-08 5.298444802982677e-08 1.1344570108565363e-08 8.497634833964156e-08 -9.376247986557511e-08 9.363284857731607e-09 4.2297488066225425e-08 1.1170514941862413e-07 3.838647066117904e-06 -3.690341803719417e-07 8.496848015095603e-07 -1.4783249540082257e-06
proband -1.3106969645635972e-05 4.849393395896771e-07 -2.067194566608748e-06 -1.4379280484977418e-07 -5.541002829296846e-07 -2.836080054924148e-07 -6.047860235270488e-07 6.061671523147096e-07 7.195689410434041e-07 -3.9040646678279053e-07 8.83489292914193e-07 4.457058966999481e-08 5.536834507673033e-07 -7.6887564620845e-08 -3.120480793836033e-09 3.7154771676190417e-07 2.0945066315173934e-07 -8.776491966501005e-07 3.393279117667518e-07 1.3296244630509775e-07 -3.690341803719412e-07 0.0003524489119387716 -0.0001857721909332455 -0.000171881600382128
paternal 1.9416141443979574e-05 2.1775957523291125e-06 2.8499974761782526e-06 2.067310847420284e-06 3.945418226764046e-07 -1.2222391855890435e-06 5.657978161692797e-08 -8.644065933671385e-07 3.5730792596703236e-08 6.480129679002446e-07 -8.256655854072052e-07 -4.3492049516171625e-07 -1.3416821899308044e-07 1.3726680318536662e-06 -1.0021962066612589e-07 -1.7150991978352264e-06 -2.3886747752433947e-07 7.359342686344165e-07 -5.79000818208867e-07 -2.8750430755892777e-07 8.496848015095593e-07 -0.00018577219093324543 0.00046886478598383226 2.6871496902952217e-05
maternal 2.3274249733346112e-05 1.7933069364537183e-06 3.99790311582189e-07 1.3398992132770095e-06 3.96966584674461e-07 -3.149555843803135e-07 2.859536974135745e-07 9.596047403716153e-07 -1.373976294484807e-06 3.4794749589498513e-07 5.180341249502445e-07 8.086109589513559e-07 2.254740000239135e-07 -8.358692261327218e-08 3.229679230491375e-07 -3.676899284786124e-07 5.924394168539962e-09 -5.058353204753132e-07 4.277346622205175e-07 -1.0403169442539704e-07 -1.4783249540082253e-06 -0.00017188160038212808 2.6871496902952264e-05 0.00043422703325617914
