 intercept PC1 PC2 PC3 PC4 PC5 PC6 PC7 PC8 PC9 PC10 PC11 PC12 PC13 PC14 PC15 PC16 PC17 PC18 PC19 PC20 proband maternal gpm gmm
intercept 0.0004743424857896267 8.464456056542677e-07 -2.4471332793213164e-06 -6.956809975486957e-07 1.3458155601676801e-06 -4.6048339189731507e-07 -2.4759725680530796e-07 1.6954140063195829e-06 6.371634189278508e-07 3.277664993961351e-07 -8.509134207903206e-07 -6.127146719066065e-08 -3.8569377739945454e-07 7.393796318799852e-07 7.078201766754395e-07 -8.954614447180967e-07 -1.9952996822794483e-07 -2.542082950574878e-07 7.354337450812426e-07 1.1249816285431572e-06 4.02020934817164e-07 -2.0770398534022333e-06 -6.458821739130454e-05 8.960680840641658e-05 5.395972923039352e-05
PC1 8.464456056542675e-07 1.6195912174592758e-06 -9.316268549864695e-07 4.55066265991783e-08 -5.659216717107252e-08 -2.1359579470027247e-07 9.212228325297324e-09 1.3634262098934016e-07 1.2790463330190975e-07 -7.199171869480548e-08 1.2640744067641133e-07 -9.001206462645525e-08 2.833380087306635e-07 -6.959966890628235e-08 -1.1844163011278443e-07 -2.6545197557464536e-07 -1.9305121413852036e-07 -2.1268684712196236e-08 -1.7583242272491883e-08 7.732441807208309e-08 1.4459726850266671e-08 1.8979225004305322e-06 1.7482108499391856e-06 2.9516840868141576e-06 -1.4308246195785542e-06
PC2 -2.447133279321316e-06 -9.316268549864697e-07 2.3990915901234682e-05 3.7338928656657053e-07 7.603398777531104e-07 -2.355519282935711e-07 -4.6999755898288885e-08 -9.36326407587073e-08 2.404980398483706e-07 3.9677386903277406e-08 -9.188369531993751e-09 -2.5247225263460453e-08 -7.744477312243456e-08 2.086480328773683e-07 -3.1729677772296504e-07 2.725363917893944e-07 -1.0686957526491076e-07 5.577840381363053e-07 9.410540216648043e-08 -1.8659404032989492e-07 1.1674677042109689e-07 -1.1215895270749268e-06 -6.270938213712233e-08 5.870408029993562e-06 -7.974859167675191e-06
PC3 -6.956809975486956e-07 4.550662659917836e-08 3.733892865665707e-07 3.1592889605449096e-06 2.1109274566703766e-08 4.4480222064415073e-07 -3.8334225676786134e-09 9.898802726780586e-08 -8.119750256777062e-08 -4.117683392473796e-07 7.80949562770997e-10 1.2654040544133924e-07 1.3401124966753605e-07 -3.3510323069381934e-07 -4.9829479416779365e-08 -2.572701743990414e-08 -6.558376257455034e-09 -1.0684965231730195e-07 -2.662616869993709e-07 1.5871344173345616e-07 4.648008260495864e-08 1.4605135208534746e-06 4.138925177899386e-07 1.985151783237986e-06 2.7279366364948698e-06
PC4 1.3458155601676797e-06 -5.6592167171072576e-08 7.603398777531101e-07 2.1109274566703795e-08 5.212861330451762e-06 8.363215690037331e-07 -2.81558760706739e-07 5.371885784413407e-08 -6.249553041398104e-07 1.2412178031434158e-07 1.608288650327705e-07 -2.7778393376442676e-08 -4.0068954590094746e-07 -1.5369993575627923e-07 -3.881714967567644e-09 -2.275732485588822e-09 1.2419051630502116e-08 7.036153797898545e-08 -8.946040806901281e-08 -1.2146257850178548e-07 1.4742791517769712e-08 -1.2082637253551045e-06 2.7192205712432805e-06 3.1054902099451015e-07 -2.7154960252144408e-06
PC5 -4.604833918973148e-07 -2.1359579470027252e-07 -2.3555192829357148e-07 4.448022206441508e-07 8.363215690037329e-07 8.383446656356142e-06 1.1873726397132287e-07 5.872946503515257e-07 -2.760901752044866e-07 -1.2272749040894138e-07 -1.312135889673279e-07 -4.4243704434807173e-07 2.761106978719955e-07 -4.1176400333182356e-07 1.9505571728916577e-07 -3.701840174368754e-08 -4.878172091692927e-08 2.908711159786881e-07 -7.366748792493801e-08 1.792956360814655e-07 5.023450612277838e-08 -1.3309207483095945e-06 7.56576598851667e-07 -6.270994605238916e-06 4.498322690816343e-06
PC6 -2.4759725680530876e-07 9.212228325297233e-09 -4.6999755898288786e-08 -3.833422567678637e-09 -2.815587607067392e-07 1.1873726397132267e-07 7.973174826975782e-06 1.3433610340698794e-10 7.379070100224764e-08 -3.114261988512649e-08 4.212066320596503e-08 -1.488034549144648e-07 1.028548593681927e-07 -1.807452740891844e-07 -6.653682298073477e-08 4.481551007352636e-08 -4.533857993988133e-09 2.2958605045334437e-07 -9.121408333868911e-08 -4.314837698120327e-09 -2.122913787183699e-07 -1.0959721634416058e-06 1.07005306659547e-06 -4.4961445698273856e-07 -5.580059376277756e-07
PC7 1.6954140063195835e-06 1.3634262098934022e-07 -9.363264075870753e-08 9.898802726780588e-08 5.371885784413398e-08 5.872946503515254e-07 1.3433610340694872e-10 6.591251714911036e-06 2.911970095397421e-07 -1.1326829349756907e-07 -1.0734603731358155e-07 4.0109324376198937e-07 7.968262967285933e-08 1.8548492649018323e-07 3.8329599340152504e-08 -2.6003118866240004e-07 8.477066081687647e-09 -2.346877467571382e-08 6.715163633617185e-08 -1.5403859420446007e-08 -1.3710467677984018e-07 6.490375088306188e-07 2.781362079346121e-06 -6.60466755010845e-06 3.5983779436515723e-06
PC8 6.371634189278504e-07 1.279046333019097e-07 2.404980398483708e-07 -8.119750256777054e-08 -6.249553041398106e-07 -2.760901752044868e-07 7.379070100224755e-08 2.9119700953974196e-07 7.0117972503989274e-06 8.222200318335124e-08 1.0357884038318809e-07 -2.0261858840877133e-07 2.6258037582028777e-07 -2.3300003311824212e-08 -5.609227144172208e-08 -1.7983545017739333e-07 9.210727852099152e-08 3.38307371685627e-08 -1.2041358832603285e-07 -2.0429839608125712e-07 1.0114953343520112e-07 1.2999731678520533e-06 -2.361143700918983e-06 1.4886449954943834e-06 -1.3475907651717208e-06
PC9 3.277664993961347e-07 -7.199171869480553e-08 3.967738690327728e-08 -4.117683392473795e-07 1.241217803143416e-07 -1.2272749040894135e-07 -3.114261988512638e-08 -1.1326829349756907e-07 8.222200318335111e-08 6.407053973874314e-06 -4.567993142538447e-08 -1.242146665705984e-07 -9.886125716675963e-08 9.68588409557842e-09 -1.7474731373304364e-07 1.5092901736736017e-07 2.904663795686473e-07 2.1940959471228278e-07 -2.1836137740667018e-07 -1.453751866739501e-07 -1.4872564922772942e-07 -2.520160739940738e-07 3.8440796615964244e-07 -2.679218080050317e-06 4.171672685913834e-06
PC10 -8.509134207903212e-07 1.264074406764113e-07 -9.188369531993744e-09 7.809495627711241e-10 1.6082886503277033e-07 -1.3121358896732773e-07 4.212066320596499e-08 -1.0734603731358154e-07 1.0357884038318808e-07 -4.5679931425384304e-08 5.983700584587514e-06 -1.3046636070250883e-07 1.3331425285460787e-07 -2.2465332372030583e-07 -4.5203297853434144e-08 -1.0572461700394907e-07 -2.6966139158555505e-07 1.207519103839394e-07 1.5692874038039183e-07 1.7407072222164409e-07 -4.997643213414458e-08 5.704334088602056e-07 3.0110805388937593e-06 -2.1865453876386605e-06 -1.705680900221984e-06
PC11 -6.12714671906603e-08 -9.001206462645529e-08 -2.5247225263460274e-08 1.265404054413392e-07 -2.7778393376442828e-08 -4.4243704434807205e-07 -1.4880345491446494e-07 4.0109324376198937e-07 -2.026185884087712e-07 -1.2421466657059851e-07 -1.3046636070250888e-07 5.995841079845463e-06 -1.7498926367712182e-07 6.850421999885908e-08 -1.9730591613511482e-07 1.614106301378405e-07 1.4242428010269982e-07 1.360007501525503e-07 2.714632621674212e-08 1.9144209994427714e-07 1.8901866114174791e-07 -4.944145276658468e-07 6.537602559864588e-10 -2.9074868746628145e-07 1.0544389002773337e-06
PC12 -3.856937773994547e-07 2.8333800873066356e-07 -7.744477312243456e-08 1.3401124966753602e-07 -4.0068954590094756e-07 2.761106978719951e-07 1.0285485936819274e-07 7.968262967285937e-08 2.625803758202879e-07 -9.88612571667598e-08 1.3331425285460753e-07 -1.7498926367712177e-07 5.621033537552911e-06 -6.586988348198775e-08 -6.792880206058367e-08 -1.8449730091343376e-07 2.0342887588805698e-08 -5.322016247936806e-08 -6.783501679902527e-08 7.844750517488832e-08 -7.38710907763726e-08 6.795118877494239e-07 1.990687891309061e-06 -1.161184810743768e-06 -2.247706063036893e-06
PC13 7.39379631879986e-07 -6.959966890628228e-08 2.0864803287736796e-07 -3.351032306938193e-07 -1.536999357562792e-07 -4.1176400333182356e-07 -1.8074527408918458e-07 1.8548492649018328e-07 -2.33000033118242e-08 9.685884095578328e-09 -2.246533237203056e-07 6.850421999885904e-08 -6.586988348198776e-08 5.601934668888371e-06 -1.816142197353689e-07 3.5582829332400575e-07 1.4967411193988277e-07 3.6700637553381016e-08 3.447917267470858e-08 -2.6357118070658247e-09 4.291180033729568e-08 6.388182475109211e-07 -1.0538887026278031e-06 1.410649367854753e-06 1.5260416719221406e-06
PC14 7.078201766754405e-07 -1.184416301127843e-07 -3.1729677772296514e-07 -4.982947941677931e-08 -3.8817149675676235e-09 1.9505571728916562e-07 -6.653682298073458e-08 3.8329599340152425e-08 -5.609227144172197e-08 -1.7474731373304377e-07 -4.5203297853433945e-08 -1.9730591613511493e-07 -6.792880206058364e-08 -1.8161421973536915e-07 5.838056863874272e-06 -7.871381018551757e-09 -9.219404902625588e-08 8.208703550431798e-09 1.8768621003702082e-07 8.131843422405894e-08 3.8886299051112876e-09 3.9056230974943104e-08 -1.713196395692069e-06 2.4810163132684474e-06 4.170153840145002e-07
PC15 -8.954614447180957e-07 -2.654519755746454e-07 2.725363917893944e-07 -2.5727017439904117e-08 -2.275732485588631e-09 -3.701840174368733e-08 4.481551007352629e-08 -2.600311886624e-07 -1.798354501773933e-07 1.5092901736735999e-07 -1.0572461700394903e-07 1.6141063013784034e-07 -1.8449730091343368e-07 3.5582829332400607e-07 -7.871381018551686e-09 5.538118544834652e-06 1.3363338807034322e-07 -1.6233500305505366e-07 -1.201215204590694e-08 1.0803341755458295e-08 5.5839530838498546e-08 9.323719139828304e-08 1.7835611651636673e-06 -1.962186986618893e-06 -1.5155341800213345e-06
PC16 -1.9952996822794515e-07 -1.9305121413852052e-07 -1.0686957526491105e-07 -6.558376257455057e-09 1.2419051630501941e-08 -4.878172091692946e-08 -4.5338579939878094e-09 8.477066081687455e-09 9.210727852099137e-08 2.9046637956864744e-07 -2.696613915855552e-07 1.424242801026997e-07 2.0342887588805668e-08 1.4967411193988306e-07 -9.219404902625599e-08 1.3363338807034335e-07 5.5880427141314555e-06 5.2261538517617096e-08 -1.500972983694122e-07 -2.482167326081828e-07 -1.138011282107722e-07 -4.957052526223031e-07 1.4315860453603057e-06 -1.2533414625589714e-06 -6.410699440494197e-08
PC17 -2.542082950574892e-07 -2.1268684712196262e-08 5.577840381363055e-07 -1.0684965231730184e-07 7.036153797898539e-08 2.908711159786881e-07 2.2958605045334447e-07 -2.34687746757138e-08 3.38307371685626e-08 2.1940959471228278e-07 1.207519103839393e-07 1.3600075015255044e-07 -5.322016247936821e-08 3.670063755338102e-08 8.208703550431848e-09 -1.6233500305505377e-07 5.226153851761689e-08 5.352160056732302e-06 1.645807843939129e-07 -1.0240427658781055e-07 5.01947415656165e-08 -9.193183593750756e-07 -9.756730372515999e-07 -7.217483721145588e-07 9.097881668884944e-07
PC18 7.354337450812423e-07 -1.7583242272491916e-08 9.410540216648038e-08 -2.6626168699937074e-07 -8.946040806901264e-08 -7.366748792493788e-08 -9.121408333868918e-08 6.715163633617171e-08 -1.20413588326033e-07 -2.183613774066701e-07 1.56928740380392e-07 2.714632621674222e-08 -6.783501679902537e-08 3.4479172674708464e-08 1.876862100370209e-07 -1.201215204590693e-08 -1.500972983694124e-07 1.6458078439391296e-07 5.216846246310678e-06 -1.1422712571457323e-07 5.031454290329285e-08 -2.615401314936908e-07 1.072879683639841e-06 -9.362240044848696e-07 7.399731185614707e-07
PC19 1.124981628543157e-06 7.732441807208317e-08 -1.865940403298949e-07 1.5871344173345616e-07 -1.2146257850178556e-07 1.7929563608146545e-07 -4.314837698120389e-09 -1.5403859420446e-08 -2.0429839608125714e-07 -1.4537518667395008e-07 1.7407072222164403e-07 1.9144209994427706e-07 7.844750517488847e-08 -2.6357118070659955e-09 8.131843422405897e-08 1.0803341755458105e-08 -2.482167326081827e-07 -1.0240427658781064e-07 -1.1422712571457343e-07 5.278499865928694e-06 1.0117236498337429e-07 3.729932051791325e-08 -1.930797309624946e-06 3.6020297749698113e-07 3.856917311626736e-06
PC20 4.020209348171627e-07 1.4459726850266661e-08 1.1674677042109694e-07 4.648008260495855e-08 1.4742791517769644e-08 5.0234506122778585e-08 -2.1229137871836997e-07 -1.3710467677984036e-07 1.011495334352011e-07 -1.487256492277293e-07 -4.997643213414455e-08 1.8901866114174797e-07 -7.387109077637279e-08 4.291180033729568e-08 3.888629905111269e-09 5.583953083849846e-08 -1.138011282107722e-07 5.019474156561653e-08 5.031454290329275e-08 1.0117236498337433e-07 4.89419460175537e-06 4.712870078959674e-07 4.903586991697951e-08 -1.9140516086552872e-07 -2.804254401586225e-06
proband -2.0770398534022494e-06 1.8979225004305318e-06 -1.121589527074926e-06 1.460513520853473e-06 -1.208263725355103e-06 -1.3309207483095932e-06 -1.095972163441606e-06 6.490375088306178e-07 1.299973167852053e-06 -2.520160739940725e-07 5.704334088602061e-07 -4.944145276658477e-07 6.795118877494241e-07 6.388182475109202e-07 3.905623097494316e-08 9.323719139828324e-08 -4.957052526223023e-07 -9.193183593750773e-07 -2.6154013149369156e-07 3.7299320517914595e-08 4.7128700789596745e-07 0.0003197333012663776 -0.00015258567324344654 2.685314636668704e-05 -3.5069765430162625e-05
maternal -6.458821739130451e-05 1.748210849939177e-06 -6.270938213711904e-08 4.1389251778993745e-07 2.719220571243281e-06 7.565765988516726e-07 1.0700530665954774e-06 2.781362079346116e-06 -2.3611437009189844e-06 3.844079661596339e-07 3.0110805388937584e-06 6.537602559903494e-10 1.9906878913090595e-06 -1.0538887026277976e-06 -1.713196395692064e-06 1.7835611651636703e-06 1.4315860453603027e-06 -9.75673037251601e-07 1.0728796836398432e-06 -1.930797309624949e-06 4.9035869916980985e-08 -0.00015258567324344646 0.0017745720268672123 -0.0013551496102685897 -0.0010438754580486492
gpm 8.960680840641665e-05 2.951684086814168e-06 5.870408029993555e-06 1.985151783237987e-06 3.10549020994508e-07 -6.270994605238916e-06 -4.496144569827459e-07 -6.6046675501084396e-06 1.4886449954943882e-06 -2.67921808005031e-06 -2.186545387638661e-06 -2.907486874662845e-07 -1.161184810743771e-06 1.4106493678547457e-06 2.481016313268444e-06 -1.962186986618901e-06 -1.2533414625589678e-06 -7.217483721145573e-07 -9.362240044848695e-07 3.6020297749698277e-07 -1.9140516086552922e-07 2.6853146366687052e-05 -0.001355149610268591 0.0032558872411061522 -0.0007113731326865093
gmm 5.3959729230393447e-05 -1.4308246195785493e-06 -7.97485916767519e-06 2.727936636494874e-06 -2.7154960252144408e-06 4.498322690816333e-06 -5.5800593762778e-07 3.59837794365157e-06 -1.347590765171726e-06 4.171672685913842e-06 -1.7056809002219817e-06 1.0544389002773337e-06 -2.2477060630368876e-06 1.5260416719221374e-06 4.170153840144956e-07 -1.5155341800213315e-06 -6.410699440493972e-08 9.097881668884945e-07 7.399731185614688e-07 3.856917311626738e-06 -2.804254401586225e-06 -3.50697654301628e-05 -0.0010438754580486477 -0.0007113731326865113 0.0027521291508435146
