 intercept PC1 PC2 PC3 PC4 PC5 PC6 PC7 PC8 PC9 PC10 PC11 PC12 PC13 PC14 PC15 PC16 PC17 PC18 PC19 PC20 proband paternal maternal gpp gmp gpm gmm
intercept 0.000813511199641649 2.518455242271577e-06 1.4651402179977746e-06 -1.854274184026797e-07 2.9481173974679117e-06 -1.9242089747958797e-06 6.217714465360821e-07 1.7752818489426723e-06 1.41589639942254e-06 9.182505755413731e-07 -2.594428798761508e-07 2.0511927995341853e-06 -3.3110564655190397e-06 1.945176015059523e-06 -7.583820697115396e-07 -1.911135948981502e-06 -1.944136029831035e-06 -1.0940669730159102e-06 -5.333494727121616e-07 2.789431507492197e-06 6.993089083149404e-07 8.09326883640141e-06 -0.0001668713726276832 -0.0001591643947551128 0.00026482721453760836 4.76114052756992e-05 0.00015897583086834188 9.480999633918176e-05
PC1 2.518455242271578e-06 2.7119996608925445e-06 -1.534959669812432e-06 -5.3306301051448736e-08 1.6895119626656522e-08 -3.8563902924558686e-07 2.359103221989271e-08 1.576672684632289e-07 6.10045530733614e-08 -9.276652720570622e-08 8.921911969682269e-08 -7.700325182145028e-08 5.201793548753227e-07 -9.211387962304995e-08 -3.0150840308059146e-07 -5.522026613321278e-07 -4.121185480078867e-07 1.1330898502856164e-07 -8.326899811813722e-08 1.4793056012077863e-07 -3.8040399797426396e-08 8.650539223022333e-07 2.5753149298645703e-06 4.316085739614679e-06 7.225257795913874e-06 2.0617580729233005e-06 3.133883199549424e-06 -2.420661463705355e-06
PC2 1.4651402179977718e-06 -1.5349596698124321e-06 3.876098413922964e-05 7.66853156425628e-07 1.0164810010849334e-06 -6.201143623179128e-07 -1.1910709671440564e-07 3.874637939159196e-08 7.957315004310207e-07 -2.6230800241676385e-07 3.7592607317170554e-07 -4.000299339064031e-07 -4.908459385639193e-07 5.096879311585782e-07 -6.571736221815379e-07 3.429067994698353e-07 9.299602406521598e-08 7.330979815816857e-07 4.089575656002494e-07 -2.1326633862562992e-07 -1.6502311386282254e-07 -2.7345830238053017e-06 2.2352763139465567e-06 7.466766656262856e-06 5.160882164743037e-06 -1.0097234957930446e-05 8.282175066251246e-06 -1.7527431149519122e-05
PC3 -1.8542741840267898e-07 -5.330630105144856e-08 7.66853156425628e-07 5.035423351392794e-06 8.826259396038873e-08 7.725232496750538e-07 -2.101391928890156e-08 3.4151372382119844e-07 -2.4900971751930686e-07 -7.428070040374949e-07 6.011004020361648e-08 2.3887588661323093e-07 1.0039294617161979e-09 -4.483986372236535e-07 1.2331287323975824e-07 -5.244764260867554e-08 1.1466366645946478e-07 -1.9959113404537782e-07 -3.149630406355089e-07 2.0825454028506704e-07 1.1640024359937749e-07 4.704689623891695e-07 3.977982570553843e-06 2.7096924783722604e-08 -8.794173716656825e-06 1.1286098927313439e-05 8.198827043634803e-06 1.3133930301887618e-06
PC4 2.9481173974679117e-06 1.689511962665654e-08 1.0164810010849332e-06 8.826259396038882e-08 8.547533278602373e-06 1.0526932862372053e-06 -3.414159877474003e-07 1.044708341944292e-07 -8.903426125997686e-07 3.647146028426333e-07 2.3233138753041906e-07 1.0209588171021215e-07 -8.235858646195038e-07 -3.4704047973713175e-07 -1.4867650213652663e-08 -4.0963425160145244e-08 -4.471363458524802e-08 -7.909479989516162e-08 -2.4448361997220316e-07 -1.6047173235773864e-07 1.1747774353822518e-07 -2.1740466646052713e-06 4.453510863229684e-06 3.1438527434907653e-06 2.157251434194803e-06 -4.85773063101368e-06 5.147735647763674e-06 -6.174896641829509e-06
PC5 -1.9242089747958835e-06 -3.85639029245587e-07 -6.20114362317912e-07 7.72523249675054e-07 1.0526932862372053e-06 1.3825816827856441e-05 3.4623284663836447e-07 6.968473156965261e-07 -3.765779619579243e-07 -2.3823082149038906e-07 4.345894297445629e-09 -6.615476332176665e-07 4.389846709682396e-07 -7.004111188330319e-07 3.97638471396127e-07 -1.1916366858475979e-07 -8.53406529353899e-08 4.860285840899893e-07 -1.8643642101683683e-07 9.91363377285056e-08 -4.718520144520512e-08 -1.2031260753915194e-06 3.6822687915150382e-06 -4.5855420895157525e-06 -7.924919257092351e-06 -4.963085137464729e-06 -1.0596533355408597e-05 1.6892995868867284e-05
PC6 6.217714465360848e-07 2.3591032219892747e-08 -1.1910709671440573e-07 -2.1013919288901683e-08 -3.414159877474004e-07 3.462328466383644e-07 1.263166581686287e-05 3.837060127617667e-08 3.3753784311754414e-07 9.976076865940278e-08 6.767183149685543e-08 -4.0075577400166513e-07 2.4257103210853443e-07 -2.8814201966276856e-07 -1.8502939078603617e-07 7.480487336333459e-08 -4.076192696204923e-08 2.4237080353875877e-07 -3.211294615509155e-07 -1.0381550712815464e-07 -4.4546003405380383e-07 -1.2773052511569109e-06 2.1341504961174414e-06 -2.2144103036479576e-07 -7.947423656124546e-06 4.379397946375728e-06 8.46565113759145e-07 1.639277850536428e-06
PC7 1.7752818489426723e-06 1.5766726846322887e-07 3.874637939159197e-08 3.415137238211985e-07 1.0447083419442968e-07 6.968473156965261e-07 3.8370601276176716e-08 1.0606304052396497e-05 4.727755209935161e-07 -1.9744668353919542e-07 -2.4664426840816926e-07 7.645729364203259e-07 7.968773187089172e-08 2.9383478378624146e-07 3.765355249942489e-08 -2.6182822126760875e-07 -1.5999707973206238e-07 -1.2987959652746041e-08 1.1529101592417213e-07 -1.6847417985406376e-08 -1.3650070898069764e-07 -3.801798084026125e-07 -4.264869183557137e-06 -1.9406717306943693e-06 -1.3112976196893571e-06 1.255866013076059e-05 -6.276711151815408e-06 1.1526733406337744e-05
PC8 1.4158963994225375e-06 6.10045530733615e-08 7.957315004310204e-07 -2.4900971751930665e-07 -8.903426125997685e-07 -3.765779619579244e-07 3.3753784311754366e-07 4.727755209935157e-07 1.1209526298261425e-05 2.3171212645820389e-07 -8.293480400938598e-08 -5.665060542444151e-07 2.376046314943143e-07 4.091290931688352e-08 -1.0054739336520893e-07 -3.7991440573562435e-07 3.3326926828469546e-08 6.304674479185617e-08 -3.773301565150134e-07 -2.772676434236903e-07 1.7705660366486606e-07 4.723185265097325e-07 -2.0543838353598227e-06 -4.471170645490308e-06 3.1766448702988876e-06 2.8281678079000048e-06 5.126536821869456e-06 -3.567448051446182e-06
PC9 9.182505755413689e-07 -9.276652720570627e-08 -2.62308002416764e-07 -7.428070040374944e-07 3.647146028426333e-07 -2.3823082149038898e-07 9.976076865940243e-08 -1.9744668353919534e-07 2.317121264582042e-07 1.0111817670950393e-05 -2.7171569893497806e-07 9.546602536581629e-08 -3.65138478751734e-07 -7.286872091157876e-08 -5.530586000107274e-07 2.3330015830764358e-07 5.138752688301825e-07 4.840708934672926e-07 -3.5936079936941706e-07 -1.1355106140773721e-07 -4.0236342979155256e-07 -1.7967135752179355e-06 6.320164437208486e-06 6.408385796627818e-07 8.993764850093247e-07 -5.384814971625891e-06 -8.144708203651197e-06 8.84761808715782e-06
PC10 -2.594428798761519e-07 8.921911969682278e-08 3.759260731717051e-07 6.011004020361621e-08 2.3233138753041917e-07 4.345894297445364e-09 6.76718314968555e-08 -2.4664426840816904e-07 -8.293480400938647e-08 -2.7171569893497806e-07 1.0087441005137007e-05 -3.171148280544526e-07 3.614412297515389e-08 -2.542200357369878e-07 5.5991471480299176e-08 2.075316197616214e-07 -1.0004798923851264e-07 -2.3584503243915462e-07 1.6586292640769094e-07 4.024134220251976e-07 -2.3754466250154408e-07 1.7572819810059757e-06 2.1451981095867237e-06 4.851496960079043e-06 3.5488548761964683e-06 -1.2037863137405235e-05 -4.891654175424823e-06 4.504159664629223e-07
PC11 2.0511927995341836e-06 -7.700325182145008e-08 -4.000299339064031e-07 2.3887588661323066e-07 1.0209588171021224e-07 -6.615476332176664e-07 -4.007557740016652e-07 7.645729364203262e-07 -5.665060542444153e-07 9.546602536581635e-08 -3.171148280544524e-07 9.904233364346153e-06 -2.0429222323719668e-07 4.8450826653910526e-08 -2.5189005977315046e-07 2.143772860480655e-07 2.596322825974714e-07 2.604445435279924e-07 6.186539313091506e-08 3.432478141410869e-07 3.256242579690995e-07 -1.5097804996096954e-06 -3.9686433472482533e-07 -1.1299083723560478e-06 2.8451326075771114e-06 -1.0830926114228092e-06 -1.1836350073607207e-06 3.6987694959011974e-06
PC12 -3.3110564655190418e-06 5.201793548753228e-07 -4.908459385639188e-07 1.003929461716232e-09 -8.235858646195038e-07 4.389846709682396e-07 2.425710321085347e-07 7.968773187089156e-08 2.3760463149431427e-07 -3.6513847875173394e-07 3.6144122975153856e-08 -2.042922232371969e-07 8.787471391228324e-06 8.338448012229104e-08 -1.1205142943451601e-07 -4.905223901624928e-07 -1.3566489062982288e-07 2.1550902262949537e-08 -1.9278977964937946e-07 1.504494301869025e-07 -1.8486154574596743e-07 2.078993921298841e-06 1.6795267769400354e-06 4.0873379892134145e-06 -9.173235830891411e-07 -2.7055375671458673e-06 -5.54564677657166e-06 -3.2890341452270453e-06
PC13 1.945176015059524e-06 -9.21138796230499e-08 5.096879311585777e-07 -4.4839863722365354e-07 -3.470404797371316e-07 -7.00411118833032e-07 -2.8814201966276877e-07 2.9383478378624136e-07 4.091290931688329e-08 -7.286872091157874e-08 -2.542200357369879e-07 4.845082665391077e-08 8.338448012229117e-08 8.964249573956463e-06 -5.605698010861571e-07 7.867720961373855e-07 4.092542576598212e-07 4.986107824851586e-08 -6.018989560540199e-08 -9.114951064127156e-08 7.072583536174184e-08 -5.733187222613573e-07 -3.5604704184101127e-06 8.746195889568598e-08 9.230978924999528e-06 1.6559840270718124e-06 5.301339631108223e-06 -3.3872313719809467e-06
PC14 -7.583820697115393e-07 -3.015084030805915e-07 -6.571736221815382e-07 1.233128732397581e-07 -1.486765021365285e-08 3.976384713961267e-07 -1.85029390786036e-07 3.765355249942481e-08 -1.0054739336520894e-07 -5.530586000107277e-07 5.5991471480299434e-08 -2.518900597731504e-07 -1.1205142943451595e-07 -5.605698010861571e-07 9.569966430508661e-06 -4.888463860789332e-08 1.3973293588201615e-07 -9.480404064968015e-08 1.6215061907760532e-07 1.9330024625843666e-08 3.101373371529608e-08 -1.006847039124386e-06 2.9049628607322626e-06 -4.936579077721008e-06 -2.712386069584646e-06 -2.819587507429041e-06 8.567600129286656e-06 1.9077882115353607e-06
PC15 -1.9111359489815026e-06 -5.522026613321279e-07 3.429067994698352e-07 -5.244764260867581e-08 -4.096342516014542e-08 -1.1916366858475971e-07 7.480487336333476e-08 -2.6182822126760875e-07 -3.7991440573562457e-07 2.3330015830764387e-07 2.0753161976162148e-07 2.1437728604806588e-07 -4.905223901624926e-07 7.867720961373851e-07 -4.888463860789356e-08 9.182751073984868e-06 2.9687192137145885e-07 -5.584198649463649e-07 7.313411336974584e-08 -6.378801143750387e-08 1.2211780919101295e-07 4.7655258041897595e-06 -3.4948389731507983e-06 2.780904996523647e-07 -6.328930948945083e-06 2.6205503519514077e-06 -1.1823602567941424e-07 -3.880994773095086e-06
PC16 -1.9441360298310387e-06 -4.1211854800788655e-07 9.299602406521587e-08 1.1466366645946534e-07 -4.471363458524801e-08 -8.534065293538992e-08 -4.076192696204876e-08 -1.5999707973206233e-07 3.3326926828469685e-08 5.13875268830182e-07 -1.000479892385125e-07 2.596322825974717e-07 -1.3566489062982232e-07 4.092542576598213e-07 1.3973293588201618e-07 2.968719213714591e-07 9.157006058332401e-06 -1.5794091640129444e-07 -4.9663119272393475e-08 -5.378978774659472e-07 -6.950155213861778e-09 -1.3400563005746671e-06 8.092950807477377e-08 3.908542505589855e-06 3.754410210400724e-06 -6.3153932170103355e-06 -3.128651815112915e-06 1.2036200888744942e-06
PC17 -1.0940669730159102e-06 1.1330898502856155e-07 7.330979815816856e-07 -1.9959113404537753e-07 -7.909479989516162e-08 4.860285840899892e-07 2.4237080353875935e-07 -1.2987959652746491e-08 6.304674479185593e-08 4.840708934672928e-07 -2.358450324391546e-07 2.604445435279926e-07 2.1550902262949577e-08 4.986107824851593e-08 -9.480404064968e-08 -5.584198649463651e-07 -1.579409164012944e-07 8.592413423298318e-06 3.1904019569378335e-07 -1.695771847376266e-07 1.4698324609517948e-07 -3.0111133081475098e-06 8.570052422154865e-06 2.9911232889368386e-06 -6.755197824749985e-06 -1.8130316574716415e-06 -1.6542002086509477e-06 -5.912273461692904e-06
PC18 -5.333494727121604e-07 -8.32689981181373e-08 4.089575656002489e-07 -3.1496304063550905e-07 -2.4448361997220306e-07 -1.8643642101683661e-07 -3.211294615509152e-07 1.1529101592417218e-07 -3.773301565150135e-07 -3.593607993694172e-07 1.6586292640769067e-07 6.186539313091527e-08 -1.9278977964937946e-07 -6.018989560540192e-08 1.6215061907760545e-07 7.313411336974567e-08 -4.9663119272393144e-08 3.190401956937833e-07 8.349561187813663e-06 -1.624026887332329e-07 -2.6783386797018097e-08 7.274981463038559e-07 1.4869361622919966e-06 2.113248521612219e-06 -1.0869937778158755e-05 1.7699332195230444e-06 -1.703090358858001e-06 1.4789801593458705e-06
PC19 2.789431507492201e-06 1.4793056012077877e-07 -2.1326633862562995e-07 2.0825454028506693e-07 -1.6047173235773858e-07 9.913633772850567e-08 -1.0381550712815458e-07 -1.6847417985406237e-08 -2.7726764342369e-07 -1.13551061407737e-07 4.0241342202519715e-07 3.4324781414108675e-07 1.5044943018690232e-07 -9.114951064127177e-08 1.9330024625843716e-08 -6.378801143750423e-08 -5.378978774659475e-07 -1.695771847376263e-07 -1.6240268873323276e-07 8.190559877704344e-06 2.2771956067676516e-07 7.729240752807226e-07 2.3004595305668687e-07 -3.812009621372647e-06 -8.29909903791784e-07 -1.0762663075721115e-06 -9.468830362925806e-07 5.3713109483806744e-06
PC20 6.993089083149427e-07 -3.804039979742648e-08 -1.650231138628221e-07 1.1640024359937753e-07 1.1747774353822551e-07 -4.718520144520466e-08 -4.4546003405380336e-07 -1.3650070898069815e-07 1.7705660366486584e-07 -4.023634297915528e-07 -2.375446625015437e-07 3.2562425796909903e-07 -1.848615457459676e-07 7.072583536174184e-08 3.1013733715296176e-08 1.2211780919101316e-07 -6.950155213861756e-09 1.469832460951792e-07 -2.6783386797018292e-08 2.2771956067676545e-07 7.715325610750354e-06 5.018670757282656e-07 9.3532884380715e-07 1.2602923308635204e-06 3.830285654011625e-06 -4.615187963641273e-07 -4.3768801249739965e-07 -4.5429746332941705e-06
proband 8.093268836401423e-06 8.650539223022336e-07 -2.734583023805305e-06 4.7046896238917e-07 -2.1740466646052717e-06 -1.2031260753915221e-06 -1.2773052511569164e-06 -3.8017980840260974e-07 4.723185265097306e-07 -1.7967135752179358e-06 1.7572819810059733e-06 -1.509780499609693e-06 2.078993921298842e-06 -5.733187222613543e-07 -1.006847039124385e-06 4.765525804189764e-06 -1.340056300574666e-06 -3.0111133081475085e-06 7.274981463038566e-07 7.729240752807223e-07 5.018670757282668e-07 0.0005962890093350776 -0.00029554299864135595 -0.0002656934266247008 -1.1850187945775894e-05 1.0596458279759939e-05 -1.9503235720927738e-05 -2.513734790602889e-05
paternal -0.0001668713726276831 2.5753149298645703e-06 2.235276313946565e-06 3.977982570553845e-06 4.453510863229682e-06 3.682268791515031e-06 2.1341504961174494e-06 -4.264869183557131e-06 -2.054383835359817e-06 6.32016443720848e-06 2.14519810958672e-06 -3.968643347248319e-07 1.6795267769400316e-06 -3.560470418410101e-06 2.904962860732258e-06 -3.494838973150802e-06 8.092950807477654e-08 8.570052422154863e-06 1.4869361622919958e-06 2.3004595305668716e-07 9.353288438071468e-07 -0.00029554299864135563 0.0026686748020908085 8.03520660306634e-06 -0.0019820884973797206 -0.0014804668358636545 0.00021725295221999757 -1.3600718035900024e-05
maternal -0.00015916439475511284 4.316085739614683e-06 7.466766656262843e-06 2.709692478371305e-08 3.143852743490767e-06 -4.585542089515749e-06 -2.2144103036479267e-07 -1.940671730694371e-06 -4.471170645490314e-06 6.40838579662784e-07 4.851496960079049e-06 -1.1299083723560588e-06 4.0873379892134085e-06 8.746195889569087e-08 -4.936579077721012e-06 2.7809049965236083e-07 3.908542505589849e-06 2.9911232889368343e-06 2.113248521612228e-06 -3.8120096213726472e-06 1.260292330863517e-06 -0.0002656934266247007 8.035206603066637e-06 0.0027368757235434874 6.91891527586313e-05 2.2106867176283782e-05 -0.001989623139146229 -0.0016020351415737069
gpp 0.00026482721453760825 7.225257795913884e-06 5.160882164743026e-06 -8.794173716656825e-06 2.157251434194814e-06 -7.924919257092336e-06 -7.947423656124546e-06 -1.311297619689355e-06 3.1766448702988783e-06 8.993764850093321e-07 3.54885487619648e-06 2.84513260757711e-06 -9.173235830891334e-07 9.23097892499951e-06 -2.712386069584642e-06 -6.32893094894507e-06 3.7544102104007177e-06 -6.755197824749984e-06 -1.0869937778158762e-05 -8.299099037917727e-07 3.830285654011615e-06 -1.1850187945776208e-05 -0.0019820884973797206 6.918915275863169e-05 0.005699232921971832 -0.0016775958994944998 5.194720949906996e-06 -0.0002385848699698564
gmp 4.761140527569914e-05 2.061758072923293e-06 -1.0097234957930448e-05 1.1286098927313432e-05 -4.8577306310136905e-06 -4.963085137464724e-06 4.379397946375721e-06 1.2558660130760572e-05 2.828167807900004e-06 -5.3848149716258945e-06 -1.2037863137405237e-05 -1.0830926114228006e-06 -2.7055375671458694e-06 1.6559840270718103e-06 -2.819587507429035e-06 2.620550351951402e-06 -6.315393217010337e-06 -1.8130316574716358e-06 1.7699332195230489e-06 -1.0762663075721231e-06 -4.615187963641103e-07 1.0596458279759703e-05 -0.0014804668358636545 2.210686717628386e-05 -0.0016775958994945002 0.004588609488305439 -0.00014780430010991706 0.0002137555487706946
gpm 0.00015897583086834198 3.1338831995494295e-06 8.282175066251253e-06 8.198827043634803e-06 5.147735647763669e-06 -1.0596533355408599e-05 8.465651137591525e-07 -6.276711151815396e-06 5.126536821869464e-06 -8.144708203651192e-06 -4.891654175424828e-06 -1.183635007360708e-06 -5.545646776571662e-06 5.30133963110822e-06 8.567600129286668e-06 -1.1823602567941229e-07 -3.1286518151129023e-06 -1.654200208650956e-06 -1.7030903588580042e-06 -9.468830362925685e-07 -4.3768801249739716e-07 -1.950323572092791e-05 0.0002172529522199976 -0.00198962313914623 5.1947209499072825e-06 -0.00014780430010991714 0.004723276299430598 -0.0008557028640017969
gmm 9.48099963391817e-05 -2.42066146370536e-06 -1.752743114951911e-05 1.3133930301887692e-06 -6.174896641829509e-06 1.6892995868867287e-05 1.6392778505364224e-06 1.1526733406337735e-05 -3.5674480514461783e-06 8.847618087157816e-06 4.504159664629143e-07 3.698769495901201e-06 -3.289034145227036e-06 -3.3872313719809547e-06 1.907788211535359e-06 -3.880994773095089e-06 1.203620088874496e-06 -5.912273461692889e-06 1.478980159345862e-06 5.371310948380664e-06 -4.542974633294166e-06 -2.513734790602905e-05 -1.3600718035900112e-05 -0.0016020351415737058 -0.0002385848699698563 0.0002137555487706946 -0.0008557028640017991 0.003938426179350725
