Estimate Std. Error z value Pr(>|z|)
(Intercept) -1.33813681510079 0.0408543944933868 -32.753803640815 2.68030331552881e-235
covarSEX 75.8466113566463 570.23080921196 0.133010370768047 0.89418517869248
covarYOB 34.4257865457731 12.7946532310718 2.69063849750691 0.00713154264460596
covarYOBsq -34.7479562371982 12.7934386877256 -2.71607634861582 0.00660606818805245
covarSEX_YOB -134.286595542748 1141.89153067812 -0.11760013270525 0.906384499793014
covarSEX_YOBsq 58.1770393865692 571.755910079052 0.101751531310845 0.918953898297651
covarPC1 -0.00306552184614888 0.0426986174339863 -0.0717944053080476 0.942765525249815
covarPC2 -0.0408181495126946 0.0400373369331085 -1.01950211076453 0.307964651597641
covarPC3 0.0646325987247459 0.0431808431321791 1.49678871547046 0.134448243471913
covarPC4 0.0205915421393359 0.0421718962060352 0.488276411350673 0.625354067381628
covarPC5 -0.00577323942125327 0.0424979634097944 -0.135847437336791 0.891941889063411
covarPC6 0.0178805006207819 0.0389642760092644 0.458894722348504 0.646309768889085
covarPC7 0.0513381434880209 0.0409379457163961 1.25404786658505 0.209824607728587
covarPC8 -0.0384617327891542 0.0410952608224224 -0.935916502765415 0.349316179678073
covarPC9 0.104955178832589 0.0410339370174971 2.55776526604882 0.0105347176434802
covarPC10 0.00868537025355905 0.0399874140411687 0.217202598913176 0.828050459392056
covarPC11 -0.0139274294880437 0.0408536303780622 -0.340910449307892 0.733170998135181
covarPC12 0.0102634727983829 0.0399386472080039 0.256980982478696 0.797193453972085
covarPC13 -0.0126401884679036 0.039862372071342 -0.317095742453092 0.75117095534965
covarPC14 -0.0268764608711032 0.0401907396644345 -0.668722723082568 0.503672369647456
covarPC15 0.0192757530858056 0.0399320933859918 0.482713312810382 0.629299309301957
covarPC16 0.0257565454547209 0.040196041390519 0.640773184714555 0.521670057436799
covarPC17 -0.0430630803803899 0.0401659308448296 -1.07212952556117 0.283661858899139
covarPC18 -0.0034300134517308 0.0392071285240545 -0.0874844341030077 0.930286457776262
covarPC19 -0.0034628812549073 0.0393723865097574 -0.0879520283600061 0.929914804137511
covarPC20 -0.0221261902884117 0.0392523941655896 -0.563690209444816 0.57296498160552
proband -0.165334614186244 0.038294390159178 -4.31746304090493 1.57832826498994e-05
