 intercept PC1 PC2 PC3 PC4 PC5 PC6 PC7 PC8 PC9 PC10 PC11 PC12 PC13 PC14 PC15 PC16 PC17 PC18 PC19 PC20 proband
intercept 0.0006605277944949381 2.086478224513933e-08 -2.358437023167917e-05 1.3863216588368145e-06 4.249515566484758e-07 5.196301042630893e-07 2.4281098649909043e-06 1.747405521931533e-06 -3.3830317293415735e-07 2.347618519630031e-06 -1.1140801005838792e-06 8.436202113000814e-07 -5.029631563726939e-07 -1.5382248031633268e-06 -1.5852651578112282e-06 -1.9018119039064856e-06 7.910713755370277e-07 -1.9020359854198246e-06 -7.314630267565473e-07 1.1271158543283948e-06 -9.34237688953538e-07 -9.017606558265759e-07
PC1 2.086478224513921e-08 2.238215322416923e-06 -1.5829944653153381e-06 -2.7695055319089385e-07 -9.962869611549527e-08 -2.86746976412487e-07 7.666013194857396e-08 9.967192445057483e-08 4.322072600777492e-08 8.551084166624919e-09 1.5508448604071608e-07 3.5764322786494776e-09 6.093381499173303e-07 -1.3495982509718492e-07 -2.766333670741799e-07 -6.979538241812525e-07 -6.301351486693949e-07 2.3877468715412757e-07 3.994487221094957e-08 1.8333226761769373e-07 2.2126855914955894e-08 2.2313389740157076e-06
PC2 -2.3584370231679173e-05 -1.5829944653153388e-06 4.737736448542937e-05 9.252965712016119e-07 1.4074119834501023e-06 -5.740096450380111e-07 -4.788641410953025e-07 -5.867352330663802e-07 1.152191180909449e-06 -3.2827245774442145e-07 -4.315502653574877e-08 -5.729229340815082e-08 -1.1095906979060967e-06 8.908927781643541e-07 -1.0756515407201801e-06 6.676992437622994e-08 1.1911644411921434e-07 7.130379268362831e-07 1.5719868738718393e-07 -5.293092113626222e-07 -3.2173732518303297e-07 6.213466422180339e-07
PC3 1.386321658836815e-06 -2.769505531908938e-07 9.252965712016115e-07 4.613857096499202e-06 9.62716174349569e-08 1.174639797675253e-06 9.048984348690568e-09 5.227438602580366e-07 -2.56982339401055e-07 -9.163980322905384e-07 -1.161300432786656e-07 4.2657767069461463e-07 3.3066786706242935e-08 -7.526860138618615e-07 1.0529958685908489e-07 5.139332255244479e-08 2.863589192444959e-07 -4.614339858152283e-07 -5.256498487295481e-07 4.105410581681884e-07 9.507856385653196e-08 1.1057976387034733e-05
PC4 4.249515566484774e-07 -9.962869611549532e-08 1.4074119834501025e-06 9.627161743495693e-08 8.410662623400794e-06 1.7137326874006848e-06 -3.8945776034050705e-07 2.5194798199180095e-07 -1.2978252659490366e-06 4.2881948219488023e-07 3.619041485860176e-07 2.833510506150474e-07 -9.932135377080522e-07 -6.527584253478638e-07 1.931405785840085e-08 -5.6074337400066725e-08 6.155266404235224e-08 3.79930594172187e-09 -5.062400947061894e-07 -1.3233898009712314e-07 1.1563870707170848e-07 -3.929392992829117e-06
PC5 5.196301042630916e-07 -2.8674697641248666e-07 -5.740096450380118e-07 1.1746397976752528e-06 1.7137326874006848e-06 1.6035293471697083e-05 3.736991805357073e-07 1.0523997234376397e-06 -8.353958430748872e-07 -6.070639366076401e-07 -4.7092713055201356e-07 -9.420872392883403e-07 5.310906390785263e-07 -1.296658906789742e-06 5.202280104892702e-07 7.818162828098382e-08 -5.7329521406206416e-08 7.755637022321529e-07 -2.1164319767540418e-07 2.5287671978712515e-07 -9.22474726454847e-08 -2.2546463432015257e-06
PC6 2.428109864990903e-06 7.666013194857392e-08 -4.788641410953022e-07 9.048984348690644e-09 -3.894577603405072e-07 3.736991805357071e-07 1.522249918217113e-05 -9.503223367447824e-08 2.748357906893692e-07 2.2011238984963198e-07 8.936319929458965e-08 -3.540033854228246e-07 -8.313535070523619e-08 -1.6272702996335916e-07 -2.2323885219565648e-07 -1.535927165569447e-07 -9.490858422318329e-08 2.8562590479958466e-07 -4.246114058654849e-07 -2.221819727260847e-07 -5.026791971866547e-07 -1.404446859064834e-06
PC7 1.7474055219315321e-06 9.967192445057487e-08 -5.867352330663803e-07 5.227438602580363e-07 2.5194798199180105e-07 1.0523997234376389e-06 -9.503223367447815e-08 1.295953357410128e-05 9.749719099679804e-07 -2.3510098609413976e-07 -1.2403791841475872e-07 1.2958641132822834e-06 4.031840844413028e-07 2.633510133848844e-07 -4.0153438484098634e-07 -5.196914564575962e-07 7.715519864807865e-08 -4.7166983438805684e-07 6.859145067608216e-08 7.312287460510687e-08 -4.806987766235099e-07 1.5067266461418268e-06
PC8 -3.383031729341569e-07 4.3220726007775067e-08 1.1521911809094484e-06 -2.569823394010549e-07 -1.2978252659490366e-06 -8.353958430748871e-07 2.74835790689369e-07 9.749719099679806e-07 1.450613645764327e-05 3.709446101003819e-07 4.1926699329021034e-07 -8.23487814016349e-07 3.1662426700725045e-07 -1.2179511047060085e-07 -5.054206730499282e-07 -4.6171875856872585e-07 3.7022592808612726e-07 1.2135413954301108e-07 -7.99982686029844e-07 -2.418710946352105e-07 1.2549264984862063e-07 -1.66872228731462e-06
PC9 2.3476185196300313e-06 8.551084166625015e-09 -3.282724577444213e-07 -9.163980322905383e-07 4.288194821948808e-07 -6.070639366076399e-07 2.2011238984963163e-07 -2.3510098609414002e-07 3.709446101003819e-07 1.2367628478722274e-05 -2.3398696146236183e-07 -3.1546546493426456e-08 -4.5393806740672895e-07 9.968106985142462e-08 -8.53521142921122e-07 4.5436320791947236e-07 3.7430932675429884e-07 4.7674662931759615e-07 -4.90924004157996e-07 -2.642497960594997e-07 -7.607991339564119e-07 2.94588619017624e-06
PC10 -1.114080100583879e-06 1.55084486040716e-07 -4.315502653574843e-08 -1.1613004327866556e-07 3.619041485860176e-07 -4.7092713055201356e-07 8.936319929458988e-08 -1.2403791841475882e-07 4.192669932902109e-07 -2.3398696146236215e-07 1.2606933437511882e-05 -4.927824425644291e-07 -2.444670373682504e-08 -3.1281180894151513e-07 -6.553547532461135e-08 1.9053448061564594e-07 -3.7424581588447733e-07 1.1801820739016736e-07 1.8542954669202153e-07 4.640110024172357e-07 1.367258970873535e-07 -1.5901479510467041e-06
PC11 8.436202113000791e-07 3.576432278649367e-09 -5.729229340815033e-08 4.265776706946143e-07 2.833510506150477e-07 -9.420872392883402e-07 -3.5400338542282515e-07 1.2958641132822834e-06 -8.234878140163485e-07 -3.15465464934267e-08 -4.927824425644291e-07 1.2218893003262503e-05 -1.8702007740565177e-08 -1.9534030143965405e-07 -4.958410255087172e-07 3.8022487503681216e-07 2.3431937489358217e-07 4.4818050248009e-07 6.573149447803971e-09 6.596947862247124e-07 2.089770876130482e-07 -9.013552552286493e-07
PC12 -5.029631563726924e-07 6.0933814991733e-07 -1.1095906979060976e-06 3.306678670624283e-08 -9.93213537708052e-07 5.31090639078526e-07 -8.313535070523611e-08 4.03184084441303e-07 3.166242670072505e-07 -4.539380674067289e-07 -2.444670373682523e-08 -1.870200774056506e-08 1.1162704839853798e-05 7.236752447214888e-08 -3.4767580189165106e-09 -4.79776032147639e-07 2.26176935324688e-07 -1.3716332883382092e-07 -1.590091547775603e-07 -1.7221910237466053e-07 -5.958976216226137e-07 -1.6643242507088962e-06
PC13 -1.5382248031633272e-06 -1.3495982509718487e-07 8.908927781643539e-07 -7.526860138618617e-07 -6.527584253478639e-07 -1.2966589067897418e-06 -1.6272702996335942e-07 2.633510133848846e-07 -1.2179511047060117e-07 9.968106985142459e-08 -3.128118089415147e-07 -1.9534030143965434e-07 7.236752447214891e-08 1.1538232880768802e-05 -6.450804076750437e-07 9.93493725342637e-07 2.42815785122507e-07 1.778565187481499e-07 -1.251653254398619e-07 1.8689655680471058e-08 1.5388607995645348e-07 6.008317448777557e-07
PC14 -1.5852651578112285e-06 -2.7663336707417986e-07 -1.075651540720182e-06 1.0529958685908485e-07 1.9314057858401203e-08 5.202280104892706e-07 -2.2323885219565614e-07 -4.015343848409863e-07 -5.054206730499283e-07 -8.535211429211218e-07 -6.553547532461167e-08 -4.958410255087174e-07 -3.4767580189165706e-09 -6.450804076750435e-07 1.2023538370202563e-05 -1.6121511742087165e-07 8.441770121538052e-08 -2.3725767469049767e-08 1.6006958415759895e-07 -9.196760161317896e-08 6.412752893198158e-08 2.4766455432327053e-07
PC15 -1.9018119039064847e-06 -6.979538241812527e-07 6.676992437622984e-08 5.139332255244484e-08 -5.607433740006682e-08 7.818162828098385e-08 -1.5359271655694488e-07 -5.19691456457596e-07 -4.6171875856872574e-07 4.543632079194724e-07 1.9053448061564628e-07 3.8022487503681216e-07 -4.79776032147639e-07 9.934937253426362e-07 -1.6121511742087175e-07 1.139180389493186e-05 4.194239962527114e-07 -7.112331399823702e-07 -1.4047985610123942e-07 -1.543351317918279e-07 7.269993423540316e-08 4.485156413675038e-06
PC16 7.910713755370292e-07 -6.301351486693951e-07 1.1911644411921375e-07 2.8635891924449577e-07 6.155266404235193e-08 -5.7329521406206575e-08 -9.490858422318321e-08 7.715519864807852e-08 3.702259280861272e-07 3.743093267542987e-07 -3.7424581588447743e-07 2.3431937489358194e-07 2.261769353246882e-07 2.4281578512250697e-07 8.441770121538052e-08 4.1942399625271156e-07 1.1633191118329304e-05 -4.623801149252553e-07 3.906324438242524e-09 -6.230098155317597e-07 -1.7762602436484265e-07 9.807611148238765e-07
PC17 -1.9020359854198267e-06 2.3877468715412794e-07 7.130379268362826e-07 -4.6143398581522837e-07 3.7993059417221155e-09 7.755637022321531e-07 2.8562590479958456e-07 -4.7166983438805636e-07 1.2135413954301132e-07 4.7674662931759615e-07 1.180182073901672e-07 4.4818050248008996e-07 -1.3716332883382082e-07 1.7785651874814985e-07 -2.3725767469049695e-08 -7.112331399823705e-07 -4.623801149252554e-07 1.0487871267106863e-05 3.3837765690047274e-07 -1.527068177765116e-07 1.0012660470780147e-07 -2.613675843854315e-06
PC18 -7.314630267565483e-07 3.9944872210949436e-08 1.571986873871844e-07 -5.256498487295485e-07 -5.062400947061892e-07 -2.1164319767540447e-07 -4.2461140586548477e-07 6.859145067608212e-08 -7.999826860298439e-07 -4.909240041579955e-07 1.854295466920218e-07 6.573149447803746e-09 -1.5900915477756028e-07 -1.2516532543986197e-07 1.6006958415759914e-07 -1.4047985610123945e-07 3.906324438242472e-09 3.383776569004728e-07 1.0477547136192142e-05 -2.0801688184725275e-07 4.9722773975593945e-08 7.318164956144008e-07
PC19 1.1271158543283924e-06 1.8333226761769375e-07 -5.293092113626221e-07 4.1054105816818845e-07 -1.3233898009712295e-07 2.52876719787125e-07 -2.2218197272608453e-07 7.312287460510702e-08 -2.4187109463521053e-07 -2.6424979605949994e-07 4.6401100241723574e-07 6.596947862247125e-07 -1.7221910237466063e-07 1.868965568047106e-08 -9.196760161317901e-08 -1.5433513179182782e-07 -6.230098155317599e-07 -1.5270681777651133e-07 -2.0801688184725256e-07 1.067932509806337e-05 6.230720808286676e-07 -1.2248425111072634e-06
PC20 -9.342376889535381e-07 2.2126855914955907e-08 -3.2173732518303297e-07 9.507856385653198e-08 1.1563870707170822e-07 -9.224747264548501e-08 -5.026791971866545e-07 -4.8069877662351e-07 1.2549264984862055e-07 -7.607991339564122e-07 1.3672589708735342e-07 2.0897708761304823e-07 -5.958976216226135e-07 1.5388607995645362e-07 6.41275289319815e-08 7.269993423540316e-08 -1.7762602436484222e-07 1.0012660470780136e-07 4.972277397559436e-08 6.230720808286674e-07 9.857223345305389e-06 -1.4301152994772734e-06
proband -9.017606558265586e-07 2.2313389740157093e-06 6.213466422180353e-07 1.1057976387034733e-05 -3.929392992829117e-06 -2.254646343201524e-06 -1.4044468590648364e-06 1.5067266461418285e-06 -1.6687222873146207e-06 2.9458861901762397e-06 -1.5901479510467041e-06 -9.013552552286474e-07 -1.6643242507088952e-06 6.008317448777587e-07 2.4766455432326974e-07 4.485156413675038e-06 9.80761114823878e-07 -2.6136758438543117e-06 7.318164956144017e-07 -1.2248425111072615e-06 -1.4301152994772743e-06 0.0005734510992447263
