 intercept PC1 PC2 PC3 PC4 PC5 PC6 PC7 PC8 PC9 PC10 PC11 PC12 PC13 PC14 PC15 PC16 PC17 PC18 PC19 PC20 proband paternal maternal
intercept 0.0007391295335690358 8.783019615275315e-08 -2.404529942098649e-05 1.8443513002956035e-06 5.619262156272997e-07 2.8524995673587347e-07 2.4291056382202862e-06 2.1190317624025102e-06 -5.526147637992044e-07 2.5674718019476627e-06 -1.179814570873024e-06 4.3634517182944655e-07 -5.136941275776513e-07 -1.838050715015297e-06 -1.9568562484432587e-06 -1.8626102517972975e-06 1.3443489423786943e-06 -1.610275446096215e-06 -8.016083611407927e-07 7.739245508675123e-07 -9.469730212519795e-07 -1.5089345833606148e-05 4.74461258752725e-06 2.765381669077014e-05
PC1 8.783019615275257e-08 2.546140934170932e-06 -1.634933738379299e-06 -2.0420310506202627e-07 -8.508065721838722e-08 -3.1001576750477416e-07 9.319248319435693e-08 9.340689783554774e-08 6.366891658011611e-08 9.111089877004741e-08 1.723228410352701e-07 -2.9587908055574302e-08 5.988518273994747e-07 -1.587070956647564e-07 -2.919192780287672e-07 -7.038071695642388e-07 -6.678175639113481e-07 2.3144158080528304e-07 8.253108473746807e-09 1.749268326022843e-07 5.048208051512396e-08 -2.424352096019045e-06 6.549677237924256e-06 4.65331676564825e-06
PC2 -2.4045299420986487e-05 -1.6349337383792997e-06 4.904783511433286e-05 8.012064334221143e-07 1.3688191428316755e-06 -6.538968787005767e-07 -6.071342354192557e-07 -5.313460458000043e-07 1.0058339571217703e-06 -4.298744402813086e-07 -3.494413400453828e-08 1.1071316227918446e-08 -1.048206094725433e-06 1.0090002384616808e-06 -1.2211403780946765e-06 2.725205415482856e-07 2.3084959868525037e-07 7.15032593067616e-07 1.449924157904433e-07 -4.5296068363212024e-07 -3.784410794794366e-07 4.4284358560846e-06 -1.1114930596185798e-05 3.461847862793278e-06
PC3 1.844351300295605e-06 -2.04203105062026e-07 8.01206433422114e-07 5.313776202789784e-06 3.932374101554469e-08 1.2303626170178658e-06 -6.435192482773712e-09 5.878322041051284e-07 -2.702663958537429e-07 -8.141135739291637e-07 -7.606657111435161e-08 3.236877600594619e-07 2.595045923516321e-08 -7.560965138045614e-07 1.0827542776633502e-07 6.32006436566933e-08 2.994967486855919e-07 -4.4979530797737923e-07 -6.122600585053971e-07 3.5503517983496513e-07 1.2060396182852663e-07 7.227134043690062e-07 1.3039452623849262e-05 1.203245626753219e-05
PC4 5.619262156273023e-07 -8.508065721838724e-08 1.3688191428316755e-06 3.9323741015544956e-08 9.253850229962919e-06 1.7192135344443484e-06 -4.3116331929244615e-07 2.308509079375791e-07 -1.2383383253638969e-06 4.2767572835679144e-07 3.8263698163910356e-07 3.131637104241967e-07 -1.060958667793958e-06 -7.119419659616761e-07 6.296090766275678e-08 -7.503567496905802e-08 5.4888068994447675e-09 -1.8931089360327483e-08 -4.7124006356753213e-07 -9.335455390324736e-08 1.544711566096188e-07 -2.3048692278388976e-06 2.7178946137392367e-06 -6.787873780775698e-06
PC5 2.8524995673587384e-07 -3.1001576750477395e-07 -6.538968787005766e-07 1.2303626170178664e-06 1.7192135344443484e-06 1.690004248847993e-05 4.0426851418305024e-07 1.113705090350843e-06 -7.241922441816892e-07 -6.07615516885002e-07 -3.9733931415921936e-07 -9.724642499216506e-07 5.456235017022632e-07 -1.2667118175877005e-06 4.947028636094376e-07 6.374266054867524e-08 -1.002834962884037e-07 7.587488488263491e-07 -1.2227412142048874e-07 2.001902137453629e-07 -1.1005697893877553e-07 -1.7092059638238435e-06 2.6537395515099914e-06 -3.407600833513218e-06
PC6 2.429105638220285e-06 9.319248319435691e-08 -6.071342354192557e-07 -6.435192482773451e-09 -4.311633192924461e-07 4.0426851418304987e-07 1.5887233981178398e-05 -5.0435397540458754e-08 2.7526580201150617e-07 2.1445598971363183e-07 1.337089251427729e-07 -3.91685405510206e-07 -7.433684777853826e-08 -1.8921510419034866e-07 -2.0760722069930198e-07 -1.3872698447928194e-07 -1.6316957402856099e-07 2.8751471834184966e-07 -3.76437479816645e-07 -2.036145998562964e-07 -5.648158520316332e-07 -1.4741178160117753e-06 7.724857015901143e-07 -1.101186166508444e-06
PC7 2.11903176240251e-06 9.340689783554786e-08 -5.313460458000043e-07 5.878322041051285e-07 2.3085090793757904e-07 1.1137050903508426e-06 -5.043539754045861e-08 1.3543403376858078e-05 9.589483834370437e-07 -2.6439448203213845e-07 -1.1591338335947837e-07 1.1879268640464211e-06 3.54307749323251e-07 2.495204687045551e-07 -3.701525431145561e-07 -5.294356812241966e-07 1.3557933644293047e-07 -4.34299634678313e-07 1.0935916904656737e-07 2.4457757572640384e-08 -4.650648981263874e-07 3.9848025847311845e-07 1.8607478974251595e-06 5.972412664309632e-07
PC8 -5.526147637992037e-07 6.366891658011595e-08 1.005833957121771e-06 -2.702663958537426e-07 -1.2383383253638969e-06 -7.241922441816897e-07 2.7526580201150686e-07 9.589483834370435e-07 1.51051440285013e-05 3.087664372472191e-07 3.519890990428893e-07 -7.944559567601019e-07 4.351673893713634e-07 -1.0298616666247787e-07 -5.336979128712701e-07 -5.604087518200399e-07 3.744765494856608e-07 1.7178390586732013e-07 -7.813444924542102e-07 -1.9857710365537742e-07 1.3494568432485637e-07 -8.659989888343153e-07 1.8656072255846738e-06 -4.5798873323720255e-06
PC9 2.567471801947663e-06 9.111089877004732e-08 -4.298744402813088e-07 -8.141135739291639e-07 4.276757283567915e-07 -6.07615516885002e-07 2.1445598971363178e-07 -2.6439448203213834e-07 3.087664372472194e-07 1.3050689702351404e-05 -2.301183458088283e-07 -5.631391011689859e-08 -4.491993323157476e-07 4.4519977471331365e-08 -8.701718697265374e-07 4.6534958313304917e-07 3.848586262851418e-07 4.696272790842615e-07 -5.792866064842644e-07 -3.0416975602918364e-07 -7.187276661371383e-07 -4.216078595484977e-06 8.482362343756034e-06 7.305661638498714e-06
PC10 -1.179814570873026e-06 1.723228410352702e-07 -3.49441340045377e-08 -7.606657111435152e-08 3.826369816391029e-07 -3.9733931415921936e-07 1.3370892514277287e-07 -1.1591338335947869e-07 3.5198909904288933e-07 -2.301183458088287e-07 1.3000932997679661e-05 -5.46148769843979e-07 -1.0182636704240776e-07 -3.4097229549582834e-07 -6.806997887061703e-08 2.1985969639074945e-07 -3.8790203667582324e-07 8.406173605487978e-08 1.8664980789880684e-07 4.704884129993911e-07 1.242589585344004e-07 -3.652954333848105e-06 3.4705178234083025e-06 1.2119873749047626e-06
PC11 4.363451718294479e-07 -2.9587908055574368e-08 1.1071316227918155e-08 3.2368776005946196e-07 3.131637104241965e-07 -9.724642499216504e-07 -3.916854055102063e-07 1.1879268640464207e-06 -7.944559567601014e-07 -5.631391011689863e-08 -5.461487698439794e-07 1.2794068346917252e-05 2.6003675898643278e-08 -1.482555108904304e-07 -4.784086991870334e-07 3.1768857734640557e-07 2.620637113617589e-07 4.5778965899635623e-07 5.842211302494046e-08 6.714108523826587e-07 2.3909418810856395e-07 2.280222113167841e-06 -5.379017750299979e-06 -1.8820084974493916e-06
PC12 -5.136941275776532e-07 5.988518273994747e-07 -1.0482060947254327e-06 2.5950459235163264e-08 -1.0609586677939591e-06 5.456235017022628e-07 -7.433684777853809e-08 3.5430774932325105e-07 4.351673893713636e-07 -4.491993323157479e-07 -1.0182636704240764e-07 2.6003675898643285e-08 1.1693415283963911e-05 2.3045705379152225e-08 -4.668473673573345e-08 -5.424622286497676e-07 2.9544113441116413e-07 -1.7885019341722972e-07 -1.9570527290702678e-07 -1.3567561363893863e-07 -6.153482913512528e-07 -1.8540093435889923e-08 -3.561590578638541e-06 -8.817452648501097e-07
PC13 -1.838050715015298e-06 -1.5870709566475643e-07 1.0090002384616808e-06 -7.560965138045614e-07 -7.119419659616763e-07 -1.266711817587701e-06 -1.892151041903484e-07 2.495204687045555e-07 -1.0298616666247748e-07 4.45199774713316e-08 -3.409722954958283e-07 -1.4825551089043052e-07 2.3045705379152285e-08 1.2021807505016833e-05 -7.087031285927655e-07 1.0218896672538244e-06 2.9408662004429054e-07 1.7088344113801022e-07 -9.504844674465656e-08 4.026787513433383e-09 1.7141190985641547e-07 1.5690058678274001e-06 -3.1565867913003973e-06 2.164590692155297e-06
PC14 -1.9568562484432565e-06 -2.919192780287674e-07 -1.2211403780946752e-06 1.0827542776633524e-07 6.296090766275686e-08 4.947028636094376e-07 -2.0760722069930192e-07 -3.7015254311455557e-07 -5.336979128712698e-07 -8.70171869726538e-07 -6.80699788706171e-08 -4.784086991870333e-07 -4.668473673573364e-08 -7.087031285927645e-07 1.2569000337341249e-05 -1.4396442457326047e-07 1.650899274301211e-08 4.700569493850344e-09 1.98529596736964e-07 -6.104968412617351e-08 9.686772330753755e-08 1.9094778081736643e-06 -1.6400670819706558e-06 -2.0725397671593366e-06
PC15 -1.8626102517972988e-06 -7.038071695642389e-07 2.725205415482863e-07 6.320064365669314e-08 -7.503567496905824e-08 6.37426605486749e-08 -1.3872698447928178e-07 -5.294356812241964e-07 -5.604087518200397e-07 4.65349583133049e-07 2.1985969639074932e-07 3.176885773464055e-07 -5.424622286497676e-07 1.0218896672538244e-06 -1.439644245732608e-07 1.1857970841050013e-05 3.6828703155298467e-07 -7.598792681953091e-07 -1.2842665990244666e-07 -1.6557322304598024e-07 3.4765403661846663e-08 4.10647608926514e-06 -1.4060978402972749e-06 2.730750625394852e-06
PC16 1.344348942378693e-06 -6.678175639113477e-07 2.3084959868524963e-07 2.9949674868559197e-07 5.488806899444714e-09 -1.002834962884038e-07 -1.6316957402856085e-07 1.3557933644293026e-07 3.744765494856609e-07 3.848586262851417e-07 -3.8790203667582287e-07 2.6206371136175906e-07 2.9544113441116423e-07 2.9408662004429027e-07 1.6508992743012083e-08 3.6828703155298493e-07 1.2094667969945547e-05 -4.4514187537890484e-07 1.08968626487859e-08 -6.433876352638869e-07 -2.535372674671599e-07 8.281594737807292e-07 -4.031423632615457e-06 3.709412800119523e-06
PC17 -1.610275446096215e-06 2.3144158080528299e-07 7.15032593067616e-07 -4.497953079773792e-07 -1.8931089360327337e-08 7.587488488263492e-07 2.875147183418492e-07 -4.3429963467831284e-07 1.717839058673206e-07 4.6962727908426176e-07 8.406173605487999e-08 4.577896589963559e-07 -1.788501934172299e-07 1.708834411380101e-07 4.700569493850562e-09 -7.598792681953085e-07 -4.451418753789049e-07 1.085703421164801e-05 3.2351333829656826e-07 -1.6895611015091236e-07 1.6911195768751514e-07 -2.6114093660154325e-06 1.1408397482852097e-06 -8.356597750937978e-07
PC18 -8.01608361140794e-07 8.253108473746787e-09 1.4499241579044374e-07 -6.122600585053974e-07 -4.7124006356753144e-07 -1.2227412142048885e-07 -3.7643747981664497e-07 1.093591690465674e-07 -7.813444924542103e-07 -5.792866064842646e-07 1.8664980789880655e-07 5.842211302494046e-08 -1.9570527290702665e-07 -9.504844674465641e-08 1.9852959673696444e-07 -1.2842665990244666e-07 1.0896862648785724e-08 3.235133382965685e-07 1.0941600023289066e-05 -1.8988249621808727e-07 9.890557429961648e-08 4.653656496762356e-06 -3.9179913266148185e-06 -5.050277772084572e-06
PC19 7.739245508675125e-07 1.7492683260228422e-07 -4.5296068363211977e-07 3.550351798349652e-07 -9.335455390324708e-08 2.001902137453631e-07 -2.036145998562967e-07 2.4457757572640345e-08 -1.985771036553775e-07 -3.0416975602918385e-07 4.7048841299939155e-07 6.714108523826588e-07 -1.3567561363893855e-07 4.026787513433452e-09 -6.104968412617354e-08 -1.655732230459804e-07 -6.433876352638873e-07 -1.6895611015091234e-07 -1.898824962180874e-07 1.10256270771407e-05 5.959448694345045e-07 2.211911482161787e-06 -3.5458406585506247e-06 -3.8465990494115225e-06
PC20 -9.469730212519768e-07 5.0482080515123915e-08 -3.78441079479437e-07 1.2060396182852682e-07 1.5447115660961897e-07 -1.1005697893877558e-07 -5.648158520316333e-07 -4.6506489812638736e-07 1.3494568432485623e-07 -7.187276661371384e-07 1.2425895853440077e-07 2.39094188108564e-07 -6.153482913512526e-07 1.7141190985641536e-07 9.686772330753775e-08 3.476540366184667e-08 -2.5353726746716e-07 1.6911195768751498e-07 9.890557429961655e-08 5.959448694345047e-07 1.0263466714181513e-05 -1.6420676270229441e-06 3.2632265396507273e-06 -1.7487755377025507e-06
proband -1.5089345833606148e-05 -2.4243520960190433e-06 4.428435856084603e-06 7.227134043690069e-07 -2.304869227838899e-06 -1.709205963823849e-06 -1.4741178160117761e-06 3.9848025847311474e-07 -8.659989888343162e-07 -4.216078595484972e-06 -3.652954333848104e-06 2.2802221131678466e-06 -1.8540093435885774e-08 1.569005867827406e-06 1.9094778081736596e-06 4.106476089265129e-06 8.281594737807301e-07 -2.6114093660154317e-06 4.65365649676235e-06 2.21191148216179e-06 -1.6420676270229475e-06 0.001041375711048067 -0.000515865880257823 -0.0005334270510822083
paternal 4.744612587527265e-06 6.549677237924257e-06 -1.11149305961858e-05 1.3039452623849264e-05 2.7178946137392375e-06 2.653739551509993e-06 7.724857015901122e-07 1.8607478974251638e-06 1.8656072255846751e-06 8.482362343756026e-06 3.4705178234083012e-06 -5.3790177502999775e-06 -3.561590578638541e-06 -3.1565867913003977e-06 -1.6400670819706543e-06 -1.406097840297266e-06 -4.031423632615457e-06 1.1408397482852074e-06 -3.917991326614813e-06 -3.545840658550624e-06 3.263226539650728e-06 -0.0005158658802578229 0.001058366023908162 0.00016853192940786193
maternal 2.765381669077014e-05 4.653316765648252e-06 3.461847862793271e-06 1.2032456267532177e-05 -6.7878737807756975e-06 -3.4076008335132136e-06 -1.1011861665084435e-06 5.972412664309623e-07 -4.579887332372023e-06 7.305661638498716e-06 1.2119873749047611e-06 -1.882008497449401e-06 -8.817452648501144e-07 2.1645906921552905e-06 -2.0725397671593354e-06 2.730750625394859e-06 3.7094128001195213e-06 -8.356597750937937e-07 -5.050277772084568e-06 -3.846599049411525e-06 -1.7487755377025473e-06 -0.0005334270510822086 0.0001685319294078622 0.0010822354394112586
