 intercept PC1 PC2 PC3 PC4 PC5 PC6 PC7 PC8 PC9 PC10 PC11 PC12 PC13 PC14 PC15 PC16 PC17 PC18 PC19 PC20 proband
intercept 0.0016178863091619337 -7.475843952691569e-06 -6.651021869328494e-05 3.0731981859191097e-06 -6.071341067143785e-07 6.407209194416419e-06 1.1211344979842032e-05 3.5592557309983254e-06 1.0733945060938407e-05 -3.098666454385484e-06 1.4635822974594473e-06 3.1066756681568185e-06 2.845366162504842e-06 -7.707141116228103e-06 -1.0796074249837682e-05 -4.012591930499419e-06 1.1966080843668013e-05 1.327226419978378e-07 4.484398114699036e-06 7.320891844485602e-06 -5.254339132272404e-06 -6.0719033163723686e-05
PC1 -7.4758439526916005e-06 6.282850469220557e-06 -3.9186076604059375e-06 -5.046390749992688e-07 -4.583644765415186e-07 -3.634628284961346e-07 -5.5281338144360704e-08 -3.45158820294136e-07 3.714582576194872e-07 -5.6923239918529496e-08 9.302393978435393e-07 -2.835903832066017e-07 1.805996228655183e-06 -7.442725293912393e-07 -6.766760996109054e-07 -1.9223552852663473e-06 -2.2594425037847464e-06 8.769835365653046e-07 -2.493302640832346e-07 7.104729800492006e-07 1.2569587524846308e-06 1.7059786253745135e-05
PC2 -6.651021869328482e-05 -3.9186076604059315e-06 0.0001286863452239417 3.8249256463002245e-06 3.775310921540134e-06 -1.4598993669814522e-06 -8.407654161678052e-07 5.314123467238419e-08 1.7374074570548061e-06 9.092334055609398e-07 -4.268100461172829e-07 -3.2485787734745264e-07 -1.8493855873313425e-06 3.108602729915838e-06 3.6830561378281047e-06 -6.912612116213776e-07 -1.9097882003437902e-06 3.246611105567012e-06 2.382112227370991e-06 -3.2209622544430806e-06 -2.2178468785747946e-06 -1.4835308615600564e-06
PC3 3.073198185919129e-06 -5.046390749992677e-07 3.8249256463002245e-06 1.3576407393225161e-05 9.725043606843769e-08 4.853704917322296e-06 -4.5845274722656574e-07 3.6418651556125676e-06 1.510570412989229e-06 -1.9241893235087103e-06 -2.4753618440178693e-07 -4.968397679996243e-07 9.327315193373561e-07 -3.300103004259596e-06 1.16989418176007e-07 -1.1632059442088744e-06 1.2829575920349396e-06 -1.8872618309416806e-06 -1.4133455589218007e-06 1.8530291801241433e-06 1.434011628535978e-06 -1.7589759607004827e-05
PC4 -6.071341067143856e-07 -4.5836447654151946e-07 3.7753109215401336e-06 9.725043606843974e-08 2.0964024091645875e-05 4.47273870848071e-06 -1.5751016244821313e-06 1.3236685991747385e-06 -3.2231523485940173e-06 4.6899376888121594e-07 1.0094029787057936e-06 1.956980486682039e-06 -4.071218136678089e-06 -1.8503831818936284e-06 9.169915598218634e-07 1.220398501746425e-06 -3.0635742128697255e-07 1.8811979145224794e-07 -5.791731352329644e-07 -5.496566889635749e-07 -4.757716681369077e-07 8.78973236942104e-06
PC5 6.407209194416383e-06 -3.6346282849613376e-07 -1.4598993669814554e-06 4.853704917322294e-06 4.472738708480705e-06 4.685225732608929e-05 1.5961005305566022e-06 7.765424953871848e-06 -1.2585628869186847e-06 -2.674587894805072e-06 7.60479653615776e-09 -1.2572399828487128e-06 6.956393068754704e-07 -4.673231212745949e-06 9.442576724843311e-08 3.209161223363142e-07 2.224975706220359e-07 2.0635670440066843e-06 -4.758906387697359e-08 1.4224025782466615e-06 -5.615751998213095e-07 -1.815339492079016e-05
PC6 1.1211344979842026e-05 -5.5281338144360115e-08 -8.407654161678051e-07 -4.5845274722656664e-07 -1.5751016244821326e-06 1.5961005305566007e-06 4.241816856597532e-05 -3.8639627704520944e-07 -3.1655836180479005e-07 8.010419741723231e-07 -1.660360984373413e-06 -4.340273756974362e-07 -9.461227146661074e-07 8.926059255974412e-07 -2.98458866988233e-07 1.486985375131317e-06 -4.501384678225994e-07 9.333257882918398e-07 -1.6457823648487873e-06 -3.412365683997624e-06 -1.0440793289018958e-06 -4.587106116197944e-06
PC7 3.5592557309983047e-06 -3.4515882029413585e-07 5.314123467238397e-08 3.64186515561257e-06 1.3236685991747338e-06 7.765424953871846e-06 -3.8639627704520876e-07 3.726332856530359e-05 3.2858940838423357e-06 -1.936100865459402e-06 -8.407015061881682e-07 3.2265985960992445e-06 3.042450055979638e-06 4.818020194886628e-07 -5.350645009708711e-07 -1.0764013458211136e-06 1.4155214600284404e-06 -1.564756476816675e-06 9.155999838035568e-07 -4.303846225920334e-07 -1.1126919714109204e-06 -2.1894235199098972e-06
PC8 1.0733945060938419e-05 3.7145825761948977e-07 1.7374074570548068e-06 1.5105704129892276e-06 -3.223152348594018e-06 -1.2585628869186864e-06 -3.165583618047901e-07 3.2858940838423327e-06 4.336116227692288e-05 7.736814114326577e-09 3.474104602898709e-06 -3.6663480887898175e-06 3.570236555920991e-07 -1.6423842764653727e-06 -4.497288616470279e-07 -1.6292310544293311e-06 1.1385536139461777e-06 -1.9970182764825275e-06 -4.72327629927924e-06 6.092737659138039e-07 1.2158292475371501e-06 3.989400728214168e-06
PC9 -3.098666454385478e-06 -5.69232399185288e-08 9.09233405560941e-07 -1.9241893235087086e-06 4.689937688812176e-07 -2.674587894805068e-06 8.010419741723233e-07 -1.936100865459398e-06 7.73681411432392e-09 3.3028035506998684e-05 -2.715513266760751e-06 1.4684768352011226e-06 -1.2678588522813462e-06 4.846639995713675e-07 -2.32397624959798e-06 1.6135801909427744e-06 7.412178013990728e-08 2.228537053508023e-06 -1.3963757197787386e-06 -1.965515193625275e-06 -2.9194248172498367e-06 -9.174646260508387e-06
PC10 1.4635822974594467e-06 9.302393978435399e-07 -4.2681004611728373e-07 -2.4753618440178656e-07 1.0094029787057936e-06 7.60479653615779e-09 -1.6603609843734134e-06 -8.407015061881667e-07 3.4741046028987086e-06 -2.7155132667607497e-06 3.807966487728676e-05 -1.0911653463032059e-07 4.979390638985743e-07 -1.8314640021152238e-06 -1.0177453630133002e-06 4.866492953476143e-07 -2.439391249896823e-06 5.199227775463433e-07 4.1860228817343674e-08 1.7815712094179338e-06 1.5912556141109326e-06 1.452913686163815e-06
PC11 3.1066756681568193e-06 -2.835903832066016e-07 -3.248578773474514e-07 -4.968397679996228e-07 1.9569804866820383e-06 -1.257239982848712e-06 -4.340273756974358e-07 3.2265985960992436e-06 -3.6663480887898196e-06 1.4684768352011213e-06 -1.0911653463032039e-07 3.20881143480653e-05 1.6821790158625447e-07 2.7410919302209517e-07 -2.0364627792652603e-06 2.7563088393207855e-06 1.787835907992998e-06 8.616325114773485e-07 5.613892069433597e-07 6.866518105954921e-07 -4.2930357628521904e-07 -1.2552065420624973e-05
PC12 2.845366162504776e-06 1.805996228655183e-06 -1.8493855873313448e-06 9.327315193373558e-07 -4.071218136678084e-06 6.956393068754705e-07 -9.461227146661086e-07 3.0424500559796388e-06 3.5702365559209744e-07 -1.2678588522813466e-06 4.979390638985737e-07 1.682179015862547e-07 3.0480616514253883e-05 1.3771785088878768e-07 -9.040870252797439e-07 -2.1928520649987696e-06 1.1187148706318137e-06 -2.1044066506926226e-07 -2.538866688496543e-07 6.561413810664233e-07 1.141826342143607e-06 1.1156089508882226e-05
PC13 -7.707141116228145e-06 -7.442725293912384e-07 3.1086027299158402e-06 -3.3001030042595977e-06 -1.8503831818936286e-06 -4.673231212745953e-06 8.926059255974408e-07 4.818020194886627e-07 -1.6423842764653735e-06 4.846639995713693e-07 -1.8314640021152247e-06 2.7410919302209607e-07 1.3771785088878826e-07 3.3133027694567935e-05 -5.066217281497472e-07 4.198880966298928e-06 3.011206444780314e-07 5.114617900286743e-07 -3.6525295358561463e-07 -1.3746228536003333e-06 5.45869508357787e-07 -1.3546035400422996e-05
PC14 -1.0796074249837682e-05 -6.76676099610907e-07 3.683056137828108e-06 1.1698941817600737e-07 9.169915598218644e-07 9.442576724843368e-08 -2.984588669882328e-07 -5.350645009708709e-07 -4.49728861647028e-07 -2.32397624959798e-06 -1.0177453630133022e-06 -2.036462779265261e-06 -9.040870252797448e-07 -5.066217281497464e-07 3.213193724071167e-05 -1.1740289253539337e-06 -2.243861004643459e-06 -2.445611364662733e-07 2.755238832746215e-07 6.00306835821727e-08 -8.487333437317256e-07 5.381615219255237e-06
PC15 -4.012591930499438e-06 -1.9223552852663456e-06 -6.912612116213762e-07 -1.163205944208875e-06 1.2203985017464234e-06 3.209161223363131e-07 1.4869853751313173e-06 -1.076401345821113e-06 -1.6292310544293299e-06 1.6135801909427757e-06 4.866492953476156e-07 2.7563088393207855e-06 -2.1928520649987674e-06 4.1988809662989284e-06 -1.1740289253539345e-06 3.0933760318727584e-05 2.1633814528564862e-06 -9.798541195796073e-07 -7.982522570338868e-07 -3.1627920321538224e-06 -2.187608656211199e-06 -4.540445388207188e-06
PC16 1.1966080843667947e-05 -2.259442503784748e-06 -1.9097882003437894e-06 1.2829575920349392e-06 -3.063574212869735e-07 2.2249757062203443e-07 -4.501384678225978e-07 1.4155214600284389e-06 1.13855361394618e-06 7.412178013990788e-08 -2.439391249896824e-06 1.7878359079929968e-06 1.1187148706318137e-06 3.011206444780309e-07 -2.2438610046434607e-06 2.163381452856488e-06 3.115963777881276e-05 -1.463046300036106e-06 -1.8745129993591574e-07 -1.8832244670731616e-06 -2.940726223211558e-07 5.1859078214201394e-06
PC17 1.3272264199778862e-07 8.769835365653047e-07 3.2466111055670177e-06 -1.8872618309416784e-06 1.8811979145224876e-07 2.0635670440066877e-06 9.333257882918389e-07 -1.5647564768166746e-06 -1.997018276482527e-06 2.228537053508022e-06 5.199227775463434e-07 8.616325114773471e-07 -2.1044066506926157e-07 5.114617900286742e-07 -2.4456113646627163e-07 -9.79854119579609e-07 -1.4630463000361057e-06 2.97347686213335e-05 1.0403960808838662e-06 -2.47710344822059e-07 -1.4018193092116067e-06 5.849480326156774e-07
PC18 4.484398114699044e-06 -2.493302640832354e-07 2.382112227370993e-06 -1.4133455589217997e-06 -5.791731352329641e-07 -4.758906387697236e-08 -1.6457823648487886e-06 9.155999838035565e-07 -4.723276299279241e-06 -1.3963757197787377e-06 4.186022881734252e-08 5.613892069433575e-07 -2.53886668849654e-07 -3.6525295358561506e-07 2.755238832746218e-07 -7.982522570338874e-07 -1.8745129993591527e-07 1.0403960808838664e-06 2.889166826430084e-05 8.60336347529934e-08 5.273364129630964e-07 -2.3131905440573832e-06
PC19 7.320891844485568e-06 7.104729800492018e-07 -3.22096225444308e-06 1.8530291801241427e-06 -5.496566889635749e-07 1.4224025782466604e-06 -3.412365683997624e-06 -4.303846225920337e-07 6.092737659138029e-07 -1.9655151936252755e-06 1.7815712094179327e-06 6.866518105954914e-07 6.561413810664235e-07 -1.374622853600333e-06 6.003068358217321e-08 -3.162792032153823e-06 -1.88322446707316e-06 -2.477103448220597e-07 8.603363475299394e-08 3.1107900224425825e-05 2.910270436965584e-06 1.2782433963221958e-06
PC20 -5.254339132272396e-06 1.2569587524846304e-06 -2.217846878574794e-06 1.434011628535977e-06 -4.757716681369072e-07 -5.615751998213095e-07 -1.044079328901897e-06 -1.1126919714109219e-06 1.2158292475371485e-06 -2.9194248172498346e-06 1.5912556141109326e-06 -4.293035762852191e-07 1.1418263421436065e-06 5.458695083577867e-07 -8.487333437317251e-07 -2.1876086562111976e-06 -2.940726223211552e-07 -1.4018193092116065e-06 5.273364129630972e-07 2.9102704369655835e-06 2.938599340446224e-05 3.4673914157414993e-06
proband -6.071903316372343e-05 1.7059786253745125e-05 -1.4835308615600507e-06 -1.758975960700482e-05 8.789732369421059e-06 -1.8153394920790145e-05 -4.587106116197947e-06 -2.189423519909882e-06 3.989400728214162e-06 -9.1746462605084e-06 1.4529136861638149e-06 -1.2552065420624966e-05 1.1156089508882224e-05 -1.3546035400423002e-05 5.381615219255226e-06 -4.540445388207186e-06 5.185907821420147e-06 5.849480326156763e-07 -2.313190544057375e-06 1.2782433963221836e-06 3.467391415741506e-06 0.0015237787455619311
