 intercept PC1 PC2 PC3 PC4 PC5 PC6 PC7 PC8 PC9 PC10 PC11 PC12 PC13 PC14 PC15 PC16 PC17 PC18 PC19 PC20 proband paternal maternal gpp gpm gmp gmm
intercept 0.0008192063327375574 -6.325806414845024e-07 -2.2174021038069234e-05 1.9628706597857068e-06 1.4613289072892914e-06 -9.686313360467767e-08 2.0177941675852825e-06 2.5835458213339084e-06 -6.609692530685091e-07 2.3351726512372274e-06 -1.0197446564145446e-06 4.261794486872735e-07 -4.604918831589787e-07 -1.2651590818182212e-06 -1.5083472884346408e-06 -2.120691936472488e-06 1.1756340052987272e-06 -2.3462525778463876e-06 -1.0905511933822667e-06 7.451817792151188e-07 -1.862993058238069e-07 4.742396306811229e-06 1.968818576722113e-05 -8.102939020884188e-05 -0.00016344107820552643 -4.341758906728992e-05 8.008202038134842e-05 0.00016274670657695915
PC1 -6.325806414845032e-07 2.79870020087614e-06 -1.561151134458233e-06 -5.009493185267361e-07 -1.9775021162580414e-08 -2.657076524591645e-07 7.654194772117552e-08 9.068639710728553e-08 9.266638030165685e-08 -4.4815689019073315e-08 1.8450742762025413e-07 -3.877176690820206e-08 7.101209384995168e-07 -2.4667223806567596e-07 -2.9002166689058903e-07 -6.979957848089105e-07 -6.037722968625739e-07 2.9729894482903337e-07 5.4590905057170524e-08 1.9729508654456184e-07 4.126594892994824e-08 1.7378524910792336e-06 3.1383337765763663e-06 1.570552845096134e-06 5.134590549151879e-06 5.191489875664844e-06 3.0269614072152513e-06 1.0801060570835487e-06
PC2 -2.2174021038069227e-05 -1.561151134458233e-06 4.982776592941028e-05 9.099843375559565e-07 1.457876672820189e-06 -5.941122124071468e-07 -6.298978109982117e-07 -2.405364668337396e-07 9.049942805273009e-07 -5.616430203739777e-07 1.1025851595898869e-07 -6.496573067423334e-08 -9.971508926340712e-07 7.836525987808677e-07 -9.60259433283027e-07 6.295752689996696e-08 5.6930879543003064e-08 5.999192992953972e-07 2.1493591156110497e-07 -5.61632475634193e-08 -2.3374835598839952e-07 -3.1742706568902224e-06 1.6312899748930982e-05 -7.434609792434421e-07 -3.225330342337335e-05 -8.402260886370722e-06 2.970178949426961e-05 4.986362274106038e-07
PC3 1.9628706597857085e-06 -5.009493185267359e-07 9.099843375559564e-07 5.2342007437555e-06 7.842907642658058e-08 1.2895354967157601e-06 -1.1330606924314861e-08 4.818805752944491e-07 -2.2150345510291538e-07 -9.71217869789258e-07 -9.125599729060399e-08 4.487168960084395e-07 3.2025427005730334e-08 -6.850410695386313e-07 1.492089360487296e-07 -2.8188932476678075e-08 2.0726334643794333e-07 -3.867479609719734e-07 -5.584894898643239e-07 4.409976491278986e-07 1.66427622060885e-07 -7.418888741307936e-07 -3.32979114115384e-06 -6.086996371461891e-06 -2.278996631484507e-06 -2.95332455927135e-06 -2.6074049961774082e-06 1.5986202250738408e-06
PC4 1.4613289072892904e-06 -1.9775021162580464e-08 1.4578766728201887e-06 7.842907642658054e-08 9.759035051521558e-06 1.585680763298544e-06 -4.631258680011461e-07 1.705937298809533e-07 -1.2856684017383991e-06 4.6958372411708733e-07 4.2094630080658563e-07 2.4849668316236067e-07 -1.0223966394699027e-06 -7.086154423865903e-07 1.0805959081419935e-07 -5.4716351092081416e-08 1.5855170643350558e-07 -3.8487420286190715e-08 -4.808562632473933e-07 -1.4606283321133332e-07 1.136253651043566e-07 1.428801050623478e-06 -8.628303341005024e-06 7.25645694632807e-07 7.261094113116597e-06 6.771034788778592e-06 -1.4909848975003164e-07 8.10826900952032e-06
PC5 -9.686313360467949e-08 -2.6570765245916435e-07 -5.94112212407147e-07 1.2895354967157603e-06 1.5856807632985453e-06 1.7064620134078882e-05 3.8725013085139646e-07 1.038636443945142e-06 -6.727669022441965e-07 -4.980945938057488e-07 -2.684125099248385e-07 -8.841936623243563e-07 6.427267224623173e-07 -1.1637797685453815e-06 4.3719963767815187e-07 1.1035490850582434e-08 -1.614976135801524e-07 8.246696011831876e-07 -1.0923974247982629e-07 1.4061866354459276e-07 -2.0149471486198929e-07 -1.1092108071145307e-06 -1.0154087203071137e-06 -6.65454586272797e-06 -3.2108555767588118e-06 2.0289401910592842e-06 1.1389882279669966e-05 -6.679074192410434e-06
PC6 2.0177941675852838e-06 7.654194772117556e-08 -6.298978109982116e-07 -1.1330606924314512e-08 -4.63125868001146e-07 3.8725013085139646e-07 1.5912548896366316e-05 1.4635692393720934e-08 1.613591410544529e-07 1.8695754450038721e-07 1.1045701318730217e-07 -3.6485028199659043e-07 -9.318521800837573e-08 -1.2278924538824175e-07 -2.3457169654540226e-07 -1.7223212761771303e-07 -6.105541494621172e-08 2.8022409035292524e-07 -3.665550143251508e-07 -3.186218925093467e-07 -6.027006510709973e-07 1.2427192951256607e-06 -2.1690466255493275e-06 -2.2763205716388376e-06 3.0963652357262883e-06 1.3338108844262032e-06 2.506751530606534e-06 -2.3689820354491475e-06
PC7 2.583545821333911e-06 9.068639710728574e-08 -2.4053646683374057e-07 4.818805752944493e-07 1.7059372988095306e-07 1.0386364439451417e-06 1.4635692393721577e-08 1.3689100869815793e-05 9.44806138832183e-07 -3.3843799926464353e-07 -1.5743065292120017e-07 1.1510529253083336e-06 2.8804588037224194e-07 1.6608995797250206e-07 -3.569431277651478e-07 -5.153479203637766e-07 5.119538870275756e-08 -5.198015019917007e-07 1.7886539464039842e-07 -5.9417983780381246e-09 -4.4285335292924555e-07 2.5201316862239906e-07 3.032025952469441e-06 -5.558945625760502e-06 -1.1505956167757864e-05 -2.415966324482509e-07 1.835749772609762e-05 -5.009958460141295e-06
PC8 -6.609692530685121e-07 9.266638030165684e-08 9.049942805273016e-07 -2.2150345510291533e-07 -1.2856684017383991e-06 -6.727669022441965e-07 1.6135914105445264e-07 9.448061388321835e-07 1.5097662847600328e-05 3.5364309390968536e-07 3.5511508390943733e-07 -8.836015599922139e-07 3.904561695779644e-07 -1.3788717192953817e-07 -5.644070095024084e-07 -4.0922170110768037e-07 3.3654696435116724e-07 8.622246478968758e-08 -8.361434019723909e-07 -2.71895819989954e-07 6.173683347820916e-08 1.572768018336246e-06 -1.6776271143446301e-06 8.503692682195085e-07 -3.900966121444344e-08 1.932867784412957e-06 -4.555457846986113e-06 8.812562409536981e-06
PC9 2.3351726512372278e-06 -4.4815689019073315e-08 -5.616430203739778e-07 -9.71217869789258e-07 4.695837241170871e-07 -4.980945938057488e-07 1.869575445003874e-07 -3.384379992646435e-07 3.5364309390968584e-07 1.307949627455682e-05 -1.2023979149959563e-07 9.45006026471632e-09 -3.7595305143528767e-07 1.0074834280893677e-07 -8.982288930807649e-07 4.2078132569115107e-07 4.57930751989435e-07 4.840123920283223e-07 -6.449290702397094e-07 -3.374884156040535e-07 -7.405646212491667e-07 -3.059467643844581e-07 2.2183060794812347e-06 3.322607410042381e-06 -4.427825149348723e-06 -1.444280634878254e-06 -7.512459078001924e-06 -3.172938719702611e-06
PC10 -1.0197446564145438e-06 1.8450742762025394e-07 1.1025851595898718e-07 -9.125599729060396e-08 4.209463008065859e-07 -2.6841250992483854e-07 1.1045701318730202e-07 -1.5743065292120004e-07 3.5511508390943706e-07 -1.2023979149959534e-07 1.3062444554785123e-05 -4.856234418929022e-07 -2.1817613293008307e-08 -3.311006635335662e-07 -3.253292128536891e-08 1.3342307956255723e-07 -3.622260350382576e-07 1.4785866274148324e-07 2.5472020911275963e-07 4.091466661682897e-07 1.2516867825415567e-07 3.3513059536810804e-06 -1.323933594537375e-06 -8.495947037697526e-07 -5.1407112712283504e-06 4.076515448716381e-06 -2.434340310835947e-06 3.7958397529736096e-07
PC11 4.261794486872735e-07 -3.8771766908202023e-08 -6.496573067423303e-08 4.4871689600843955e-07 2.4849668316236035e-07 -8.841936623243564e-07 -3.6485028199659006e-07 1.1510529253083334e-06 -8.83601559992214e-07 9.450060264716637e-09 -4.856234418929026e-07 1.2853550457823576e-05 1.4318085064623123e-08 -8.277912624523276e-08 -3.5637979441774274e-07 2.524397239917015e-07 2.8370038720870707e-07 3.8620020908892604e-07 7.690119873784391e-08 6.557451276958588e-07 2.6871014904974104e-07 -9.712558122487356e-07 3.871601978797436e-06 -3.060810434305593e-06 -5.360602764167809e-06 -2.5691764863239333e-06 7.220268855382957e-06 -4.769998343143826e-06
PC12 -4.6049188315897783e-07 7.101209384995171e-07 -9.971508926340718e-07 3.202542700573026e-08 -1.0223966394699029e-06 6.42726722462317e-07 -9.31852180083753e-08 2.8804588037224173e-07 3.9045616957796424e-07 -3.7595305143528756e-07 -2.1817613293007993e-08 1.431808506462295e-08 1.1780430736001924e-05 -1.716196225351944e-08 -1.1067052562039235e-07 -4.680715727040424e-07 2.2720958527906608e-07 -9.714180904831913e-08 -2.40647287230139e-07 -1.4180291820455908e-07 -5.595834336401346e-07 -1.269226882457237e-06 2.353815824495683e-06 4.058612796076346e-06 -2.351505581577592e-06 5.467437198867045e-06 -9.516244642521795e-06 9.064125723812564e-06
PC13 -1.2651590818182233e-06 -2.466722380656757e-07 7.836525987808676e-07 -6.850410695386315e-07 -7.086154423865901e-07 -1.163779768545381e-06 -1.227892453882415e-07 1.6608995797250217e-07 -1.378871719295383e-07 1.0074834280893659e-07 -3.3110066353356613e-07 -8.277912624523282e-08 -1.7161962253519618e-08 1.2044806974934316e-05 -6.983329750764571e-07 1.0051292603338205e-06 1.9843361124289634e-07 6.061608585305364e-08 -1.1107392036119898e-07 -1.92701182692702e-08 1.747426532834806e-07 2.428561675752489e-07 -2.9564454214235953e-06 -6.539644293221838e-06 -9.360551637531146e-06 6.3324807439462595e-06 2.489735699806368e-06 2.7139623931512996e-06
PC14 -1.5083472884346431e-06 -2.9002166689058914e-07 -9.602594332830264e-07 1.4920893604872957e-07 1.0805959081419959e-07 4.3719963767815176e-07 -2.3457169654540258e-07 -3.5694312776514776e-07 -5.644070095024087e-07 -8.982288930807647e-07 -3.253292128536926e-08 -3.563797944177425e-07 -1.1067052562039246e-07 -6.983329750764575e-07 1.2573805500622003e-05 -1.4243519306565435e-07 1.810264473920178e-08 -1.753220525891611e-08 1.763719687008002e-07 -5.853056969980707e-08 1.4809562919821625e-07 3.7424427424246813e-06 -6.221361325327011e-06 -6.914646528996828e-06 3.883901852991505e-06 4.328349466450596e-06 8.109779307349477e-06 -4.8348279050991695e-06
PC15 -2.1206919364724875e-06 -6.979957848089113e-07 6.295752689996769e-08 -2.8188932476677816e-08 -5.471635109208119e-08 1.1035490850582986e-08 -1.7223212761771258e-07 -5.153479203637759e-07 -4.092217011076808e-07 4.207813256911511e-07 1.3342307956255697e-07 2.52439723991702e-07 -4.680715727040428e-07 1.0051292603338203e-06 -1.4243519306565437e-07 1.195884378564557e-05 3.7730786992974956e-07 -7.132116805543213e-07 -1.6423230408904315e-07 -1.0226071788530072e-07 6.689840506556069e-08 3.294886109004071e-07 4.382981805414475e-06 3.298989877912152e-06 7.695527498229093e-06 -9.993277268957093e-06 -1.3065923823532265e-05 4.987927821385465e-06
PC16 1.1756340052987252e-06 -6.037722968625737e-07 5.6930879543003117e-08 2.072633464379431e-07 1.5855170643350558e-07 -1.614976135801524e-07 -6.105541494621213e-08 5.119538870275764e-08 3.365469643511674e-07 4.5793075198943506e-07 -3.622260350382575e-07 2.8370038720870697e-07 2.272095852790662e-07 1.9843361124289658e-07 1.8102644739201582e-08 3.773078699297492e-07 1.2091720405871398e-05 -3.760710239846714e-07 2.0621807984159103e-08 -6.829602027786983e-07 -2.3256334372299468e-07 -2.753703082089898e-07 2.990470534562444e-07 4.31510028055491e-08 7.284541788414569e-06 3.9935841000633247e-07 -5.66502406224776e-06 8.351716038617378e-06
PC17 -2.3462525778463906e-06 2.9729894482903363e-07 5.999192992953976e-07 -3.867479609719734e-07 -3.8487420286190536e-08 8.246696011831879e-07 2.802240903529253e-07 -5.198015019917003e-07 8.622246478968734e-08 4.840123920283227e-07 1.4785866274148318e-07 3.8620020908892625e-07 -9.714180904831895e-08 6.061608585305364e-08 -1.75322052589162e-08 -7.132116805543209e-07 -3.7607102398467163e-07 1.0919561273624102e-05 3.625581370727901e-07 -1.67791500588093e-07 9.545487457239982e-08 -7.616070989877106e-07 7.868174526222617e-07 7.414993471750361e-06 3.825929786849847e-06 2.851932374432814e-06 -1.2599999541762671e-05 -1.834740151200099e-06
PC18 -1.0905511933822673e-06 5.459090505717059e-08 2.1493591156110483e-07 -5.584894898643241e-07 -4.808562632473933e-07 -1.0923974247982597e-07 -3.6655501432515063e-07 1.78865394640399e-07 -8.361434019723909e-07 -6.449290702397089e-07 2.5472020911275974e-07 7.690119873784413e-08 -2.40647287230139e-07 -1.1107392036119923e-07 1.7637196870079954e-07 -1.642323040890433e-07 2.062180798415899e-08 3.6255813707279026e-07 1.1099727093695842e-05 -3.1513174630559935e-07 9.803156258237212e-08 9.126926884562746e-07 -5.071291278014826e-07 -5.2078574132980024e-06 -3.931391514316115e-07 -1.0796062975473185e-06 1.541538134410588e-05 -8.666718600612212e-06
PC19 7.451817792151193e-07 1.9729508654456163e-07 -5.616324756341903e-08 4.409976491278987e-07 -1.460628332113331e-07 1.4061866354459331e-07 -3.186218925093465e-07 -5.941798378038689e-09 -2.7189581998995384e-07 -3.3748841560405345e-07 4.0914666616828936e-07 6.557451276958584e-07 -1.4180291820455905e-07 -1.927011826927026e-08 -5.853056969980691e-08 -1.0226071788530045e-07 -6.829602027786979e-07 -1.6779150058809303e-07 -3.151317463055993e-07 1.1024944984398712e-05 5.170252758146154e-07 -1.5908837834721807e-06 5.75559561571869e-06 -4.0732235766048257e-07 1.3884968569208154e-06 -9.358204195223475e-06 5.327655042236846e-06 -8.353803133037599e-07
PC20 -1.8629930582380996e-07 4.126594892994833e-08 -2.337483559883996e-07 1.6642762206088506e-07 1.1362536510435663e-07 -2.0149471486198926e-07 -6.027006510709975e-07 -4.428533529292451e-07 6.173683347820919e-08 -7.405646212491672e-07 1.2516867825415562e-07 2.687101490497412e-07 -5.595834336401344e-07 1.7474265328348054e-07 1.480956291982159e-07 6.689840506556062e-08 -2.325633437229947e-07 9.545487457239966e-08 9.803156258237238e-08 5.170252758146159e-07 1.0222304599475938e-05 3.2146312124586428e-06 -4.015954325590138e-06 -2.349885952690423e-06 -3.5412852890676193e-06 6.7450462015671944e-06 -3.008358590095474e-06 5.02451434689519e-06
proband 4.742396306811207e-06 1.7378524910792338e-06 -3.1742706568902284e-06 -7.418888741307953e-07 1.4288010506234757e-06 -1.1092108071145346e-06 1.242719295125667e-06 2.520131686223946e-07 1.5727680183362429e-06 -3.05946764384458e-07 3.351305953681077e-06 -9.712558122487358e-07 -1.2692268824572368e-06 2.428561675752445e-07 3.7424427424246847e-06 3.294886109004142e-07 -2.753703082089907e-07 -7.616070989877107e-07 9.126926884562735e-07 -1.5908837834721798e-06 3.2146312124586402e-06 0.0008960202303460095 -0.00047317728129893914 -0.00042141629005166805 2.984871559959541e-05 7.010446360042196e-06 -4.017341582025911e-05 4.913245974362777e-06
paternal 1.968818576722111e-05 3.1383337765763617e-06 1.6312899748930992e-05 -3.329791141153836e-06 -8.628303341005019e-06 -1.0154087203071032e-06 -2.169046625549342e-06 3.0320259524694507e-06 -1.677627114344625e-06 2.2183060794812402e-06 -1.3239335945373776e-06 3.871601978797438e-06 2.3538158244956884e-06 -2.9564454214235814e-06 -6.221361325327022e-06 4.382981805414467e-06 2.990470534562434e-07 7.868174526222697e-07 -5.07129127801486e-07 5.755595615718686e-06 -4.0159543255901376e-06 -0.0004731772812989392 0.0021965655336539866 0.0004003964492280872 -0.0015315608264958491 -0.0013204325461673141 9.435700325555718e-05 -0.00023262978650208287
maternal -8.102939020884187e-05 1.5705528450961344e-06 -7.434609792434407e-07 -6.086996371461884e-06 7.256456946328172e-07 -6.654545862727966e-06 -2.276320571638841e-06 -5.558945625760497e-06 8.503692682195089e-07 3.322607410042386e-06 -8.495947037697513e-07 -3.060810434305596e-06 4.0586127960763454e-06 -6.539644293221832e-06 -6.914646528996835e-06 3.2989898779121483e-06 4.315100280554899e-08 7.414993471750355e-06 -5.207857413298008e-06 -4.0732235766047743e-07 -2.3498859526904276e-06 -0.00042141629005166875 0.00040039644922808753 0.001963194700721042 0.00025415643601485206 -0.00027193573837539235 -0.00161178575459296 -0.0009394019686068502
gpp -0.00016344107820552624 5.1345905491518724e-06 -3.225330342337333e-05 -2.2789966314845044e-06 7.2610941131165856e-06 -3.2108555767588215e-06 3.096365235726298e-06 -1.1505956167757864e-05 -3.900966121444527e-08 -4.427825149348726e-06 -5.140711271228355e-06 -5.360602764167808e-06 -2.3515055815776007e-06 -9.36055163753116e-06 3.883901852991506e-06 7.695527498229103e-06 7.284541788414562e-06 3.825929786849845e-06 -3.931391514316126e-07 1.3884968569208222e-06 -3.5412852890676248e-06 2.9848715599594978e-05 -0.001531560826495847 0.0002541564360148525 0.0047559128046124 -0.0009598406486228884 -0.0006901098823906508 -0.00028517407588220033
gpm -4.3417589067290024e-05 5.191489875664859e-06 -8.402260886370746e-06 -2.9533245592713534e-06 6.7710347887785965e-06 2.028940191059276e-06 1.3338108844262114e-06 -2.415966324482569e-07 1.9328677844129508e-06 -1.4442806348782604e-06 4.0765154487163984e-06 -2.5691764863239392e-06 5.467437198867042e-06 6.3324807439462545e-06 4.328349466450608e-06 -9.9932772689571e-06 3.9935841000633835e-07 2.851932374432801e-06 -1.0796062975473087e-06 -9.358204195223477e-06 6.745046201567202e-06 7.01044636004302e-06 -0.0013204325461673165 -0.00027193573837539317 -0.0009598406486228853 0.004253049070664926 -0.00011422343037405212 0.0004175180881422315
gmp 8.008202038134841e-05 3.0269614072152474e-06 2.9701789494269624e-05 -2.607404996177414e-06 -1.4909848975003934e-07 1.1389882279669969e-05 2.506751530606527e-06 1.8357497726097615e-05 -4.555457846986102e-06 -7.512459078001931e-06 -2.4343403108359483e-06 7.220268855382955e-06 -9.516244642521795e-06 2.4897356998063644e-06 8.109779307349478e-06 -1.306592382353226e-05 -5.665024062247759e-06 -1.2599999541762668e-05 1.541538134410588e-05 5.327655042236844e-06 -3.0083585900954744e-06 -4.0173415820258315e-05 9.435700325555748e-05 -0.0016117857545929603 -0.0006901098823906516 -0.0001142234303740529 0.00482701796425655 -0.0008226667373627126
gmm 0.00016274670657695915 1.0801060570835495e-06 4.98636227410602e-07 1.5986202250738317e-06 8.108269009520318e-06 -6.6790741924104464e-06 -2.3689820354491446e-06 -5.009958460141301e-06 8.812562409536976e-06 -3.1729387197026135e-06 3.795839752973606e-07 -4.7699983431438225e-06 9.06412572381256e-06 2.7139623931513026e-06 -4.834827905099164e-06 4.987927821385464e-06 8.351716038617384e-06 -1.8347401512000938e-06 -8.666718600612203e-06 -8.3538031330377e-07 5.0245143468952e-06 4.913245974363053e-06 -0.0002326297865020836 -0.0009394019686068505 -0.00028517407588219963 0.0004175180881422318 -0.0008226667373627127 0.0034394995710287876
