Estimate Std. Error z value Pr(>|z|)
(Intercept) -0.334652913461229 0.0560024446889108 -5.97568401379974 2.29126741368019e-09
covarSEX 655.320578026797 1672.1606353855 0.391900493385147 0.695131738418961
covarYOB -25.608230331124 23.8047517202576 -1.07576128632048 0.282034030343057
covarYOBsq 25.3874418911752 23.8064102718 1.06641201261864 0.286237433781184
covarSEX_YOB -1307.34852641447 3346.00112444056 -0.390719691295101 0.696004442061333
covarSEX_YOBsq 652.185536677677 1673.93538946802 0.389612132452103 0.696823379355082
covarPC1 0.0838195803325973 0.059237194564101 1.41498227506192 0.157073693032697
covarPC2 -0.0296761212313471 0.0534371538273515 -0.555346217113786 0.578657872231117
covarPC3 0.0832305111836094 0.0591273593195191 1.40764803538475 0.159235316157129
covarPC4 -0.011406336554982 0.0578304385799759 -0.197237593818483 0.843641612793647
covarPC5 -0.130941350199668 0.0561513279357616 -2.33193683948968 0.0197040140980426
covarPC6 -0.0187149699336262 0.0527555633533912 -0.354748745800725 0.722777829004467
covarPC7 0.0301114179296026 0.0539394243755778 0.558245073583621 0.576677045994457
covarPC8 -0.0185352660290371 0.0538845241381932 -0.343981251119547 0.730860386135686
covarPC9 -0.0915643995180106 0.0540000511080456 -1.69563542328515 0.0899549449734008
covarPC10 -0.0406704294811044 0.052452830316574 -0.775371495411058 0.438120173535002
covarPC11 0.114699084695492 0.0543882310538935 2.10889529725348 0.0349536202293995
covarPC12 -0.0282335539292438 0.0539315168638756 -0.523507506760953 0.600621128485574
covarPC13 -0.0592438240629232 0.0537034598851082 -1.10316587031204 0.269955139747997
covarPC14 0.000421669218908024 0.0531610009297318 0.00793192775781981 0.993671303666861
covarPC15 -0.0224606422970812 0.0536849993184417 -0.418378366065575 0.675670501381041
covarPC16 -0.00210235023670901 0.0532470467029515 -0.0394829453816914 0.968505350527908
covarPC17 -0.032063380753407 0.0531797095756174 -0.602925081939671 0.546558529403204
covarPC18 -0.0448083293096302 0.0532848714000664 -0.840920286232958 0.400392592884854
covarPC19 0.065326485842044 0.0528875996648223 1.2351947574867 0.216758029912728
covarPC20 0.0038752901249236 0.0530336061661073 0.0730723479897963 0.941748545924646
proband 0.211629059430812 0.0714035315994344 2.96384583073603 0.00303820458699622
paternal 0.0347590473246578 0.0677825650616217 0.512802182877825 0.608089702676347
maternal -0.0516648249850657 0.0692201529031597 -0.746384149964907 0.455435391146012
