Estimate Std. Error z value Pr(>|z|)
(Intercept) -0.33508689504674 0.0560941811864774 -5.97364803191957 2.32006068236458e-09
covarSEX 668.201992965658 1673.30167891878 0.399331454324137 0.689648993408056
covarYOB -26.3432662608298 23.7976837545488 -1.10696765838795 0.268307911532312
covarYOBsq 26.1229146962271 23.7992661799568 1.09763530096685 0.272363771762837
covarSEX_YOB -1333.48918087417 3348.28822921644 -0.398259973331575 0.690438561969958
covarSEX_YOBsq 665.446636622613 1675.08147043477 0.397262251638362 0.691174080721036
covarPC1 0.0863810974250744 0.0592529610901532 1.45783596019186 0.14488576373469
covarPC2 -0.0293515618557563 0.0534916859349044 -0.548712596037355 0.583202700581297
covarPC3 0.0803714012955538 0.059082898562136 1.36031581475356 0.173730005908803
covarPC4 -0.0103526384364696 0.0578175176037933 -0.179057124302935 0.857892847697513
covarPC5 -0.133201099554124 0.0561826983080782 -2.37085621668998 0.0177469334648686
covarPC6 -0.0202098253659268 0.052786201869163 -0.382861896675562 0.701822164692654
covarPC7 0.0309943108626711 0.053960954479743 0.574384036781751 0.565707952781316
covarPC8 -0.0191272798295276 0.053921122597527 -0.354727032897584 0.722794096937326
covarPC9 -0.0918215972808757 0.0540469300247877 -1.69892345853434 0.0893336063497633
covarPC10 -0.0433512985680652 0.0524367570786002 -0.826734927621166 0.408387319908531
covarPC11 0.114686705946129 0.0544386505542113 2.10671471056986 0.0351423162951084
covarPC12 -0.0308569701742149 0.0538548997351629 -0.572964954460176 0.566668423087593
covarPC13 -0.0578552473800026 0.0537550521506348 -1.07627553253744 0.281804047890573
covarPC14 -0.0017064424792762 0.0531548082674163 -0.0321032571633268 0.974389705909902
covarPC15 -0.023985480719919 0.0536830720042421 -0.446797841934672 0.655021029616006
covarPC16 -0.00068077801536899 0.0532330239991643 -0.0127886406637293 0.98979641919298
covarPC17 -0.0331169881298905 0.0532292143051935 -0.622158124296403 0.533837898376674
covarPC18 -0.0463434133072179 0.0533298416649489 -0.868995891613103 0.384849377914335
covarPC19 0.0651261783618865 0.052896921492597 1.23119033252249 0.218251686291615
covarPC20 0.00614243826094396 0.0530268784853253 0.115836316155095 0.907782268106844
proband 0.205591766017561 0.0531321402750954 3.86944258132826 0.000109084466934319
