Estimate Std. Error z value Pr(>|z|)
(Intercept) -1.88930628950043 0.0676445599597997 -27.9299073070062 1.15652817126196e-171
covarSEX 1006.24948099679 2109.31962980422 0.477049313332465 0.63332700669177
covarYOB -4.54769426219104 31.8009259507041 -0.14300508951345 0.886286161658855
covarYOBsq 4.40366211828212 31.8136491131756 0.138420528327835 0.889908073923448
covarSEX_YOB -2012.27615568608 4222.37769607368 -0.476574172309896 0.633665378586415
covarSEX_YOBsq 1006.27472036183 2113.17724461639 0.476190401408803 0.633938737152917
covarPC1 -0.0455822260712092 0.068371741602526 -0.666682243319149 0.504975123284382
covarPC2 0.00455019121223171 0.0661702528706949 0.06876490590301 0.945176752969033
covarPC3 0.0918212731535809 0.0686411851811403 1.3376994134246 0.180994442284419
covarPC4 -0.00892953304548063 0.0679789913512515 -0.131357245348658 0.895492708802882
covarPC5 0.175773764543299 0.0687720459264273 2.55588971035329 0.0105916683628952
covarPC6 -0.0324343539718894 0.0654263952396393 -0.495738055766195 0.620079233690559
covarPC7 0.0743688559659252 0.0669788012944025 1.11033423305144 0.266855026723957
covarPC8 0.0639350252036858 0.0671154068471248 0.952613240493599 0.340786066161165
covarPC9 0.0207750689781294 0.0659968905632588 0.314788602929955 0.752922165695367
covarPC10 -0.120952779787129 0.0666372869992512 -1.81509159861937 0.0695098340774951
covarPC11 -0.0237123324327794 0.0658835272074289 -0.359912916594812 0.71891225740225
covarPC12 -0.0359725020647177 0.0662858470525362 -0.542687521760218 0.587344967138169
covarPC13 -0.101915943441209 0.0666066344538136 -1.53011699625627 0.125987771953731
covarPC14 -0.03986845184723 0.0654392356250593 -0.609243849907726 0.542362819077539
covarPC15 -0.128859547977732 0.0666446257728449 -1.93353247142454 0.0531706369495828
covarPC16 -0.159437388692736 0.0660846179015599 -2.41262480975883 0.0158381137839001
covarPC17 0.086913850236644 0.0660661730757815 1.31555751135985 0.188322602321791
covarPC18 -0.0355794436403632 0.0660222402233287 -0.538900884308245 0.589955247017561
covarPC19 -0.0497735250324113 0.0655686444567809 -0.759105597572925 0.447789390959645
covarPC20 -0.0511870134939256 0.0658834025097805 -0.776933363244663 0.437198086125387
proband -0.166740458144932 0.0936815461160577 -1.77986449901632 0.0750981388597313
paternal 0.0525587848531627 0.0813323790230288 0.646222150200241 0.518135496560233
maternal 0.0451177202141484 0.0835104801396823 0.540264169702809 0.589014864489175
