 intercept PC1 PC2 PC3 PC4 PC5 PC6 PC7 PC8 PC9 PC10 PC11 PC12 PC13 PC14 PC15 PC16 PC17 PC18 PC19 PC20 proband paternal maternal
intercept 0.0005289243746575807 -3.330095930601981e-07 -2.361041309608921e-05 7.894107646864211e-07 -6.42964457023013e-07 1.6957159797200006e-06 2.6275173085536867e-06 5.594141924441846e-07 4.4013214345938223e-07 1.8127239947355874e-06 -5.006465104820871e-07 1.5770806380443544e-06 -4.2013227477961244e-07 -9.48846886787812e-07 -1.3221071078723864e-06 -2.023614009914846e-06 4.2159153195619924e-07 -2.539335731626597e-06 -1.0160364909131296e-06 1.214641315557383e-06 -1.4211154563761942e-06 2.3865259374160573e-05 -1.929262945305903e-05 -3.4795065588703436e-05
PC1 -3.3300959306019704e-07 1.9024123681318887e-06 -1.5090070567853743e-06 -1.8885732212737272e-07 -9.103574059796397e-08 -2.6716517571791924e-07 1.153498294326004e-07 5.2974603327958503e-08 3.713813138064702e-08 6.154567846964014e-08 1.4618889742189534e-07 -9.93886789257015e-09 5.852648486304933e-07 -7.758091629923301e-08 -2.794266423386111e-07 -7.212348258075521e-07 -6.842308309912123e-07 3.064224223627496e-07 2.6681823919472648e-08 1.498099842894326e-07 7.586866703968561e-08 3.896669299932544e-07 5.00052480000073e-06 2.0624738564643792e-06
PC2 -2.3610413096089212e-05 -1.5090070567853737e-06 4.577294911906552e-05 1.0081429966797959e-06 1.3993359536109009e-06 -5.438995940810284e-07 -4.9148291164265e-07 -7.95732215261592e-07 1.1922944978036952e-06 -1.4950750219359966e-07 8.252449278733153e-09 -2.4689075909051744e-07 -1.263214630437266e-06 8.276213361314015e-07 -1.1716239742997396e-06 4.54018731412446e-08 2.597797887813066e-07 6.641351003982556e-07 1.1747731141221632e-07 -7.057528076572504e-07 -3.5645713525465663e-07 -3.60038318280747e-06 -1.0391825408104885e-07 8.632927813229882e-06
PC3 7.894107646864207e-07 -1.888573221273727e-07 1.0081429966797963e-06 3.8086843231557766e-06 2.0218323753618738e-07 1.1440769716685006e-06 4.248753007730037e-08 5.349223593022795e-07 -1.3996624839037284e-07 -9.309465992878578e-07 -8.229460603053826e-08 4.1107090664938775e-07 5.100989193442709e-08 -7.01149061115701e-07 8.625496462725978e-08 -1.714816681171258e-08 2.2134087807035602e-07 -5.255062993865674e-07 -5.46029967865811e-07 4.5717123928128435e-07 1.2725751767669262e-07 5.698895545774684e-07 2.0199496285189914e-06 3.6192345119738697e-06
PC4 -6.429644570230132e-07 -9.103574059796404e-08 1.3993359536109015e-06 2.021832375361874e-07 7.0021952407731e-06 1.6858024580542775e-06 -3.532722027300765e-07 2.926562701967511e-07 -1.2850239685096372e-06 3.708548236292151e-07 2.985572519604396e-07 2.7225182578187385e-07 -9.544898995322018e-07 -5.697112918992224e-07 6.394489855807634e-09 -6.795635930448735e-08 4.453964501989652e-08 1.3115244622522147e-07 -5.492040747641399e-07 -1.812149991673261e-07 1.5588132010731753e-07 -2.363910115828851e-06 3.841773022745632e-06 7.896202368978135e-07
PC5 1.69571597972e-06 -2.6716517571791934e-07 -5.438995940810277e-07 1.1440769716685006e-06 1.6858024580542777e-06 1.4748137292937971e-05 3.0454926042151036e-07 1.0889985301678062e-06 -9.98593974196185e-07 -6.666375044154629e-07 -5.71110833054926e-07 -9.90636390180575e-07 4.2825412861918387e-07 -1.4320342110743326e-06 5.579299807851868e-07 1.3031492126197103e-07 -1.8401403673536363e-08 7.650001552535272e-07 -2.212031742084049e-07 3.5601704642193857e-07 -4.7978725013209714e-08 -2.0668257334333593e-06 -4.113739098041518e-06 5.092811858924303e-07
PC6 2.6275173085536838e-06 1.1534982943260029e-07 -4.914829116426495e-07 4.2487530077300186e-08 -3.532722027300763e-07 3.0454926042151014e-07 1.4199130979883971e-05 -1.7979339891951609e-07 1.6652672716006562e-07 2.045551426380185e-07 1.5404775040358569e-09 -3.137642657293014e-07 -1.577329281628348e-07 -2.0756122784321706e-07 -2.4325780434460794e-07 -1.6532727340729187e-07 -6.290899902826034e-08 2.856860639477118e-07 -3.2176346799932054e-07 -2.506675320549157e-07 -4.880518606138041e-07 -2.2913631297674874e-06 -5.599648885190976e-07 2.383923752513464e-06
PC7 5.594141924441844e-07 5.297460332795846e-08 -7.957322152615918e-07 5.349223593022797e-07 2.926562701967513e-07 1.0889985301678068e-06 -1.7979339891951577e-07 1.2156698170599611e-05 1.0506558798256798e-06 -2.3489102754141473e-07 -1.383632817375667e-07 1.3665300759086085e-06 3.7632007503921565e-07 3.020734398583203e-07 -4.798219997288239e-07 -5.365423823820655e-07 -3.253570091986128e-08 -5.399352178368438e-07 7.340459367021493e-08 1.1080174724845684e-07 -4.1904970402914886e-07 -2.7509499693406556e-07 3.172185737112371e-06 -1.0348521030518673e-06
PC8 4.4013214345938245e-07 3.7138131380646995e-08 1.1922944978036954e-06 -1.3996624839037316e-07 -1.2850239685096372e-06 -9.98593974196185e-07 1.665267271600655e-07 1.0506558798256787e-06 1.3796264952546429e-05 4.704088376611372e-07 5.47638810333227e-07 -8.839127898730658e-07 1.6375691551810754e-07 -1.7790600754415874e-07 -5.023589036754148e-07 -5.383982665886262e-07 3.5308454558279727e-07 1.123344704028914e-07 -8.509255166030869e-07 -1.7753994327315385e-07 1.5891748871822546e-07 -8.711793669184501e-07 4.281342852428024e-06 -1.8233207679499437e-06
PC9 1.8127239947355884e-06 6.154567846964004e-08 -1.4950750219359993e-07 -9.309465992878572e-07 3.708548236292149e-07 -6.666375044154632e-07 2.045551426380181e-07 -2.348910275414144e-07 4.704088376611373e-07 1.1475945863618026e-05 -2.056361294248295e-07 -1.0568684597731336e-09 -4.2402420968210634e-07 1.48695315073811e-07 -8.877225340996282e-07 3.7184863232898617e-07 2.681170334670697e-07 5.475593699642817e-07 -4.610425722038257e-07 -2.1281269316035656e-07 -7.061864192932164e-07 2.4568518371076485e-07 2.495654991348067e-06 2.767315313750675e-06
PC10 -5.006465104820873e-07 1.4618889742189545e-07 8.25244927873304e-09 -8.229460603053808e-08 2.985572519604397e-07 -5.711108330549259e-07 1.5404775040358664e-09 -1.3836328173756658e-07 5.476388103332272e-07 -2.0563612942482992e-07 1.2198518731998976e-05 -5.158620606221779e-07 2.7995712159831903e-08 -2.5906883483692446e-07 -1.338884105055277e-07 2.0400359116842917e-07 -3.5772946999398797e-07 1.4967514724154261e-07 2.1879792608455575e-07 4.4567424457325145e-07 1.8784336456297862e-07 2.2092781049408033e-06 -1.0325138140513789e-06 1.1695491116535612e-06
PC11 1.577080638044356e-06 -9.938867892570093e-09 -2.4689075909051787e-07 4.1107090664938807e-07 2.722518257818737e-07 -9.906363901805745e-07 -3.1376426572930086e-07 1.3665300759086092e-06 -8.839127898730656e-07 -1.0568684597731032e-09 -5.15862060622178e-07 1.140010236946763e-05 -7.2193429617315e-08 -2.861990445653709e-07 -6.061922184299043e-07 4.679720007843075e-07 2.4343584159689773e-07 4.4944826033906324e-07 -9.883916088912049e-08 6.601965964604188e-07 1.2630089526848742e-07 4.1070570370062424e-07 -3.099712429739416e-06 -2.838738555550149e-06
PC12 -4.201322747796129e-07 5.852648486304936e-07 -1.263214630437266e-06 5.1009891934426974e-08 -9.544898995322018e-07 4.28254128619184e-07 -1.5773292816283486e-07 3.763200750392155e-07 1.6375691551810733e-07 -4.240242096821065e-07 2.7995712159831662e-08 -7.219342961731503e-08 1.0428052096304242e-05 2.1788261584680218e-07 7.8425233831284e-08 -3.549957723936434e-07 2.3786697550634643e-07 -1.3269850293194216e-07 -1.0666226418123318e-07 -1.2216313142757326e-07 -6.155667969297235e-07 9.722004160300585e-07 -2.008617066631832e-06 1.461153979399539e-06
PC13 -9.488468867878114e-07 -7.75809162992331e-08 8.276213361314015e-07 -7.011490611157013e-07 -5.697112918992226e-07 -1.432034211074333e-06 -2.0756122784321684e-07 3.020734398583199e-07 -1.779060075441588e-07 1.486953150738114e-07 -2.590688348369246e-07 -2.861990445653704e-07 2.1788261584680184e-07 1.0880728078284644e-05 -6.061542558882765e-07 9.81892872156325e-07 3.1356406869384905e-07 1.205995921611166e-07 -2.2607910538964347e-07 5.3135160576891916e-08 1.0869459668337107e-07 1.4271480291587525e-06 1.7336422463878123e-06 3.926344690831568e-06
PC14 -1.3221071078723858e-06 -2.79426642338611e-07 -1.1716239742997405e-06 8.625496462725945e-08 6.394489855807407e-09 5.579299807851869e-07 -2.4325780434460794e-07 -4.798219997288239e-07 -5.023589036754144e-07 -8.87722534099628e-07 -1.3388841050552765e-07 -6.061922184299049e-07 7.842523383128412e-08 -6.061542558882761e-07 1.1305114931648618e-05 -2.2578495225364319e-07 1.673533059314508e-07 -8.718748216144359e-08 1.4463121876218877e-07 -1.5098784190880778e-07 -6.496511266815164e-08 -1.6015325052808216e-06 -3.699780573262911e-07 1.8336589863274435e-06
PC15 -2.0236140099148467e-06 -7.212348258075522e-07 4.540187314124536e-08 -1.7148166811712318e-08 -6.79563593044874e-08 1.3031492126197108e-07 -1.6532727340729208e-07 -5.365423823820657e-07 -5.38398266588626e-07 3.7184863232898617e-07 2.0400359116842946e-07 4.679720007843076e-07 -3.549957723936433e-07 9.818928721563249e-07 -2.2578495225364292e-07 1.0830029250224428e-05 4.769208350396134e-07 -7.652271776086132e-07 -2.6293847694747277e-07 -1.7347104612355483e-07 -3.4016816468396257e-08 4.79074985866819e-06 -6.184130221102115e-06 -4.4149910439523617e-07
PC16 4.21591531956199e-07 -6.842308309912122e-07 2.597797887813077e-07 2.213408780703562e-07 4.45396450198965e-08 -1.840140367353628e-08 -6.290899902826055e-08 -3.2535700919861453e-08 3.5308454558279684e-07 2.681170334670695e-07 -3.5772946999398797e-07 2.434358415968979e-07 2.378669755063471e-07 3.1356406869384915e-07 1.673533059314509e-07 4.769208350396136e-07 1.1081781729258758e-05 -5.305128441824347e-07 1.759563052876709e-08 -5.109966421640617e-07 -1.0159835911287393e-07 -9.080000419884114e-07 -4.669700400232953e-06 3.677339795515404e-06
PC17 -2.539335731626593e-06 3.0642242236274997e-07 6.641351003982541e-07 -5.255062993865672e-07 1.311524462252214e-07 7.650001552535276e-07 2.8568606394771184e-07 -5.399352178368437e-07 1.1233447040289129e-07 5.475593699642821e-07 1.4967514724154253e-07 4.4944826033906335e-07 -1.3269850293194216e-07 1.205995921611166e-07 -8.718748216144358e-08 -7.652271776086132e-07 -5.305128441824349e-07 9.998498895332015e-06 3.3507944101882964e-07 -1.6737118533624961e-07 8.586220551148742e-08 -5.865005371504505e-06 5.184154782447601e-06 -4.2089202219744786e-07
PC18 -1.0160364909131302e-06 2.668182391947269e-08 1.1747731141221613e-07 -5.460299678658106e-07 -5.492040747641395e-07 -2.212031742084048e-07 -3.217634679993201e-07 7.340459367021487e-08 -8.509255166030875e-07 -4.6104257220382584e-07 2.1879792608455628e-07 -9.883916088912047e-08 -1.0666226418123311e-07 -2.2607910538964337e-07 1.4463121876218877e-07 -2.629384769474722e-07 1.7595630528767185e-08 3.3507944101882953e-07 9.87757709593902e-06 -1.366446685129307e-07 -4.5962882400356305e-08 -4.672911609865075e-07 -2.8006592239502898e-06 1.270710549316892e-06
PC19 1.2146413155573827e-06 1.498099842894325e-07 -7.057528076572503e-07 4.5717123928128414e-07 -1.8121499916732609e-07 3.5601704642193825e-07 -2.5066753205491526e-07 1.1080174724845677e-07 -1.7753994327315359e-07 -2.1281269316035664e-07 4.4567424457325203e-07 6.60196596460419e-07 -1.2216313142757348e-07 5.3135160576891823e-08 -1.5098784190880762e-07 -1.734710461235548e-07 -5.109966421640618e-07 -1.6737118533624964e-07 -1.3664466851293076e-07 1.0144099600469297e-05 6.371599959968126e-07 -6.845604282198621e-07 -1.9681671153765014e-06 -8.821030406123377e-07
PC20 -1.4211154563761938e-06 7.586866703968557e-08 -3.564571352546565e-07 1.2725751767669267e-07 1.5588132010731742e-07 -4.7978725013209794e-08 -4.880518606138037e-07 -4.190497040291494e-07 1.5891748871822564e-07 -7.061864192932167e-07 1.8784336456297867e-07 1.2630089526848748e-07 -6.155667969297237e-07 1.0869459668337107e-07 -6.496511266815154e-08 -3.401681646839614e-08 -1.0159835911287381e-07 8.586220551148719e-08 -4.5962882400356463e-08 6.371599959968123e-07 9.305081878826222e-06 -1.986083197535433e-06 5.588251351502104e-06 -1.5221472644332634e-06
proband 2.3865259374160563e-05 3.89666929993252e-07 -3.600383182807469e-06 5.698895545774671e-07 -2.3639101158288517e-06 -2.0668257334333517e-06 -2.291363129767487e-06 -2.75094996934065e-07 -8.711793669184494e-07 2.4568518371076697e-07 2.2092781049408045e-06 4.1070570370062386e-07 9.722004160300597e-07 1.4271480291587519e-06 -1.6015325052808229e-06 4.790749858668193e-06 -9.080000419884084e-07 -5.865005371504509e-06 -4.672911609865067e-07 -6.845604282198539e-07 -1.9860831975354335e-06 0.0009970434230478819 -0.0004951602739656856 -0.0004700659952021152
paternal -1.929262945305901e-05 5.00052480000073e-06 -1.0391825408105049e-07 2.0199496285189923e-06 3.841773022745634e-06 -4.113739098041521e-06 -5.599648885190984e-07 3.1721857371123675e-06 4.28134285242802e-06 2.495654991348065e-06 -1.0325138140513802e-06 -3.0997124297394164e-06 -2.0086170666318307e-06 1.7336422463878131e-06 -3.699780573262907e-07 -6.184130221102119e-06 -4.6697004002329545e-06 5.184154782447601e-06 -2.8006592239502894e-06 -1.9681671153765035e-06 5.588251351502101e-06 -0.0004951602739656854 0.0007767718589727734 0.00019548069027932469
maternal -3.4795065588703436e-05 2.0624738564643796e-06 8.632927813229886e-06 3.6192345119738693e-06 7.896202368978122e-07 5.092811858924256e-07 2.3839237525134637e-06 -1.0348521030518679e-06 -1.823320767949944e-06 2.7673153137506755e-06 1.1695491116535598e-06 -2.8387385555501502e-06 1.4611539793995369e-06 3.926344690831573e-06 1.8336589863274458e-06 -4.4149910439523834e-07 3.6773397955154026e-06 -4.208920221974454e-07 1.2707105493168907e-06 -8.821030406123424e-07 -1.522147264433264e-06 -0.00047006599520211536 0.00019548069027932477 0.0007551683565290569
