Estimate Std. Error z value Pr(>|z|)
(Intercept) -1.03191289106362 0.0431960933884261 -23.8890327832309 3.98215274761942e-126
covarSEX 1016.36708353968 549.079235987636 1.85103900662265 0.0641639416861642
covarYOB 3.28602529423035 11.1976189098702 0.293457503838952 0.769172477317059
covarYOBsq -2.66868912904306 11.1853665933469 -0.238587542640793 0.811425425736534
covarSEX_YOB -2045.97934911018 1096.40823990357 -1.86607440061754 0.0620309569678147
covarSEX_YOBsq 1028.8460278038 547.425796505756 1.87942554839573 0.06018641057063
covarPC1 0.190111082763709 0.0385169014246172 4.93578340240537 7.98296652806631e-07
covarPC2 0.0102616270283637 0.0363963475085343 0.281941121316021 0.777988657763455
covarPC3 0.1204742027567 0.038828048365918 3.10276225117841 0.00191723594997241
covarPC4 0.0695276112035259 0.0378660770891794 1.83614508151398 0.0663362023928526
covarPC5 -0.067128402380679 0.0380857277547354 -1.76256057946359 0.077974630642096
covarPC6 -0.0091178631527095 0.0350727426159648 -0.2599700642903 0.794886865097092
covarPC7 0.0833817172805455 0.0367070178837848 2.27154702527277 0.023113883616611
covarPC8 -0.0355440129600058 0.0372175403686334 -0.955033906269687 0.339560550703603
covarPC9 0.0403108418687425 0.037014150348048 1.08906570837627 0.276124910528388
covarPC10 0.0519584663885141 0.0363722695071139 1.42851867899945 0.153142622142701
covarPC11 0.0500839583247207 0.0371277058866263 1.3489645300913 0.177348359291846
covarPC12 -0.00563359880368874 0.0359565413010412 -0.156677995153155 0.875498630196706
covarPC13 -0.0630515501955028 0.0357626997433242 -1.76305342292489 0.0778914798270372
covarPC14 -0.0682116389064678 0.036161293992594 -1.88631631712178 0.059252341733235
covarPC15 -0.0706293221901785 0.0363270236993883 -1.94426393900714 0.0518636308730237
covarPC16 -0.00840416871031487 0.036337860878106 -0.231278575767196 0.817098389588579
covarPC17 -0.00698338569076428 0.0359088734519372 -0.194475209591615 0.845803805035302
covarPC18 0.01881699859018 0.0356201530287394 0.52826832537743 0.597313112711153
covarPC19 0.0410543817064297 0.0360063875507425 1.14019718441827 0.254204160257904
covarPC20 -0.0240123486653423 0.0353912735489468 -0.678482186636567 0.497466014560919
proband 0.0713727306081095 0.0342192127842881 2.08575022043992 0.0370012547248053
