 intercept PC1 PC2 PC3 PC4 PC5 PC6 PC7 PC8 PC9 PC10 PC11 PC12 PC13 PC14 PC15 PC16 PC17 PC18 PC19 PC20 proband
intercept 0.00021565645487521814 3.318450971509231e-07 -2.27160144126409e-06 -3.864516503316863e-07 -3.265546735179404e-07 -1.9153282949272903e-07 3.71416844030361e-08 4.859292196331297e-07 9.697050652100972e-08 7.483273839725221e-07 6.297034242689272e-08 1.939934800783501e-07 -3.563104391399675e-08 2.3337974310764752e-07 -5.5681331991887185e-08 -4.5990349116105923e-07 -2.752158227674043e-07 1.4090687936829119e-07 -2.0363677465922582e-07 6.600568634349646e-07 1.555857835204446e-08 -1.7279082940817586e-06
PC1 3.31845097150923e-07 7.011837252403627e-07 -6.13723917953854e-07 4.6040479840903795e-08 -6.369885470832087e-08 -2.6805594399193838e-08 1.3313724891383533e-09 3.666310671087073e-08 8.898847427308164e-08 -1.6583902055052013e-08 4.2257826645221165e-08 -3.572197579246927e-08 2.2153115885821608e-07 6.43865513107328e-09 -1.0262327032270701e-07 -1.746635113404946e-07 -1.5473889188130562e-07 2.766502648159246e-08 5.364077096253002e-08 2.7092957012461988e-08 1.406738479509676e-08 3.1968405103103777e-07
PC2 -2.2716014412640897e-06 -6.137239179538542e-07 1.7142816873860722e-05 2.0770169146606853e-07 5.877816718080219e-07 -1.8420439843528395e-07 -9.424839199733323e-08 2.187422740223204e-08 9.529460374015835e-08 6.438262005896116e-09 -1.600536980772536e-08 5.808583183874923e-08 -2.0289628535646693e-07 1.0245504516662179e-08 -1.6260340998172274e-07 8.212350031817764e-08 -1.7093356159069244e-07 1.8149867968559006e-07 -1.6500164705219467e-08 -1.1603893109610899e-08 -1.9669870838146485e-08 1.1326352877444315e-07
PC3 -3.8645165033168627e-07 4.604047984090382e-08 2.077016914660687e-07 1.5281633230645419e-06 1.5683383135492242e-08 2.485070517557636e-07 2.3438344230948296e-08 6.092617900244701e-08 -5.6478360066188425e-08 -3.254589084360873e-07 3.5669238709339863e-08 1.3532300269110724e-07 5.980513044417982e-08 -1.716509422061147e-07 1.8569686177707335e-09 3.3062758372243743e-09 6.177554737394191e-09 -1.089380694776884e-07 -1.3753982243940376e-07 1.1348728015053648e-07 3.2776931813526644e-08 -9.138115013273392e-07
PC4 -3.2655467351794014e-07 -6.369885470832088e-08 5.877816718080218e-07 1.5683383135492216e-08 2.7009949905658103e-06 4.412686256466408e-07 -2.1059068282996539e-07 -1.3017211112604715e-08 -3.7540558998695023e-07 2.363711162005433e-07 8.400966377682537e-08 1.0638163088781539e-07 -2.030008639505271e-07 1.900763083096311e-08 -1.1682150134899121e-07 -2.8498501921139515e-08 8.323897678235257e-08 1.0522349479101372e-08 -9.582690583927732e-08 -7.163233531773917e-08 -9.865671013046089e-09 2.336020380175718e-06
PC5 -1.9153282949272943e-07 -2.680559439919387e-08 -1.8420439843528381e-07 2.4850705175576365e-07 4.4126862564664096e-07 4.820667962575259e-06 5.531950694228683e-08 5.057417695715572e-07 -6.2376190108611795e-09 -6.238639387209645e-08 -8.681888813889524e-08 -3.015038835261987e-07 1.6005339435887847e-07 -2.6746344257494244e-07 1.7645934385845577e-08 5.885806375340157e-08 -6.033549520701939e-08 2.536813493339882e-07 -1.0739843526183551e-07 8.537765123643382e-08 6.711818883209478e-08 4.076666569701859e-07
PC6 3.714168440303602e-08 1.3313724891383616e-09 -9.42483919973331e-08 2.3438344230948352e-08 -2.1059068282996539e-07 5.5319506942286834e-08 5.759239440450359e-06 2.0323413155661566e-08 -9.783982697088808e-10 1.0643714747173421e-07 -1.7746511447757494e-08 -1.3940039612093147e-07 2.4367059176926566e-08 -1.989925633244579e-07 -1.3293672301968339e-08 -3.529863000494386e-08 -2.9680936943322785e-08 2.391397203388504e-07 -6.134615680994979e-08 -3.784678328777672e-08 -8.499443039870774e-08 -5.260356198785616e-07
PC7 4.859292196331299e-07 3.666310671087073e-08 2.187422740223198e-08 6.092617900244706e-08 -1.3017211112604684e-08 5.057417695715573e-07 2.03234131556615e-08 4.762451521735314e-06 2.4294487101904137e-07 -6.768626918962321e-08 -3.199723697689994e-08 3.840279677491234e-07 6.919741944048541e-08 2.9804676715925873e-07 -5.509379219152041e-08 -1.6872112584507074e-07 -1.1861160832736886e-07 -2.6668710890549314e-08 6.402826209122264e-08 -4.858637751607148e-08 -1.0722066367594006e-07 4.3756635452556507e-07
PC8 9.697050652100954e-08 8.89884742730816e-08 9.529460374015846e-08 -5.6478360066188405e-08 -3.7540558998695023e-07 -6.237619010861022e-09 -9.783982697088717e-10 2.4294487101904137e-07 4.830697526198331e-06 4.622490504764831e-09 1.6518990824773307e-07 -2.3327619725040415e-07 8.561502475851884e-08 -5.728115010579131e-08 5.95754682910877e-08 -1.0928948511736009e-07 3.257885334662745e-08 9.344458689657369e-08 -3.6326755413663736e-08 -3.387846022722928e-08 9.205892591776342e-08 -8.635754369821565e-08
PC9 7.483273839725221e-07 -1.6583902055052013e-08 6.438262005896043e-09 -3.254589084360873e-07 2.363711162005433e-07 -6.23863938720964e-08 1.0643714747173421e-07 -6.76862691896232e-08 4.622490504764969e-09 4.574413958528492e-06 -4.9566005964997194e-08 -1.47518141875321e-07 -5.5299306207331936e-08 -1.486827239785243e-07 -7.446069630498708e-08 8.684134266584492e-09 8.811407219141109e-08 1.3806323228250116e-07 -1.4803929541081474e-07 -6.220681552536272e-08 -8.055138500696044e-08 2.8079031434561875e-08
PC10 6.297034242689211e-08 4.225782664522118e-08 -1.6005369807725277e-08 3.5669238709339877e-08 8.400966377682538e-08 -8.681888813889528e-08 -1.774651144775749e-08 -3.1997236976899974e-08 1.6518990824773297e-07 -4.956600596499736e-08 4.235105080694319e-06 -2.3142045302351794e-07 1.5325477306362043e-07 -1.9724062385106593e-07 -1.0663757047760651e-07 -6.16040333473278e-08 -1.6112768437714134e-07 2.1826917728164454e-08 1.800665619726767e-07 1.4886798358272478e-07 6.462763682534312e-08 7.993911308890797e-09
PC11 1.9399348007835015e-07 -3.572197579246929e-08 5.8085831838749154e-08 1.3532300269110724e-07 1.0638163088781541e-07 -3.015038835261985e-07 -1.3940039612093142e-07 3.840279677491233e-07 -2.3327619725040417e-07 -1.4751814187532093e-07 -2.3142045302351792e-07 4.110812865556683e-06 -4.5569267678556623e-08 -5.9527851936449475e-08 -1.3386731362806933e-07 9.08382884973297e-08 1.2487644624710545e-08 1.7974006226026364e-07 -1.9508852614004772e-08 7.405300997977977e-08 1.6460328377801337e-07 4.910113134811312e-07
PC12 -3.5631043913997136e-08 2.2153115885821605e-07 -2.0289628535646685e-07 5.980513044417982e-08 -2.0300086395052715e-07 1.600533943588786e-07 2.4367059176926447e-08 6.919741944048546e-08 8.561502475851881e-08 -5.529930620733197e-08 1.532547730636203e-07 -4.556926767855658e-08 3.971715536074065e-06 2.6233385471699706e-08 -1.538350653983632e-08 -7.942753230341474e-08 -1.0984906341155238e-07 -3.4030128070874776e-08 5.7932795751504384e-08 -8.524488647341915e-08 -9.825305289293651e-08 -3.285309584334023e-07
PC13 2.3337974310764776e-07 6.438655131073298e-09 1.0245504516662143e-08 -1.7165094220611465e-07 1.9007630830963123e-08 -2.6746344257494265e-07 -1.9899256332445776e-07 2.980467671592587e-07 -5.728115010579122e-08 -1.4868272397852418e-07 -1.972406238510658e-07 -5.9527851936449475e-08 2.623338547169968e-08 3.7722222693920232e-06 -4.844106500800067e-08 1.8403335300519006e-07 6.921429752155686e-08 3.726387873682694e-08 -1.482823692472078e-07 6.308026130262867e-08 2.4852138608251078e-08 -4.538894012255094e-07
PC14 -5.5681331991887516e-08 -1.0262327032270702e-07 -1.6260340998172264e-07 1.8569686177707947e-09 -1.1682150134899116e-07 1.764593438584554e-08 -1.3293672301968322e-08 -5.509379219152035e-08 5.9575468291087736e-08 -7.446069630498712e-08 -1.0663757047760646e-07 -1.3386731362806928e-07 -1.5383506539836393e-08 -4.844106500800062e-08 4.143818458311233e-06 -3.607797537215998e-08 -5.906960964213287e-08 -2.2961525588980715e-08 1.0030612648656559e-07 1.142287336299367e-07 -3.6982559975196294e-08 -5.245613905328123e-07
PC15 -4.599034911610593e-07 -1.7466351134049455e-07 8.212350031817758e-08 3.306275837224426e-09 -2.8498501921139545e-08 5.8858063753401495e-08 -3.529863000494386e-08 -1.6872112584507069e-07 -1.0928948511736002e-07 8.684134266584464e-09 -6.160403334732775e-08 9.083828849732963e-08 -7.942753230341464e-08 1.840333530051901e-07 -3.6077975372159995e-08 3.894043373296214e-06 1.4960283982307003e-07 -1.7365979888056777e-07 -1.3690416991617211e-07 1.0362100399156957e-07 6.849118546848742e-08 1.7809064613240514e-07
PC16 -2.752158227674043e-07 -1.547388918813055e-07 -1.7093356159069265e-07 6.1775547373941615e-09 8.323897678235256e-08 -6.033549520701942e-08 -2.968093694332281e-08 -1.1861160832736873e-07 3.2578853346627454e-08 8.811407219141113e-08 -1.6112768437714134e-07 1.2487644624710624e-08 -1.0984906341155243e-07 6.921429752155686e-08 -5.9069609642132855e-08 1.4960283982306993e-07 4.007757454646014e-06 -1.6843050334909882e-08 -7.036128490713723e-08 -1.1814066147689645e-07 -6.990158401450953e-08 3.359453204265415e-07
PC17 1.4090687936829142e-07 2.7665026481592452e-08 1.8149867968558985e-07 -1.0893806947768838e-07 1.0522349479101338e-08 2.536813493339885e-07 2.3913972033885055e-07 -2.666871089054927e-08 9.344458689657366e-08 1.3806323228250114e-07 2.182691772816446e-08 1.797400622602636e-07 -3.403012807087468e-08 3.726387873682688e-08 -2.29615255889807e-08 -1.736597988805677e-07 -1.6843050334909892e-08 3.6660328871835483e-06 -2.6970789967515694e-08 -5.199643307772363e-08 -1.785758402425492e-08 -1.9645646605302132e-07
PC18 -2.036367746592261e-07 5.364077096252999e-08 -1.6500164705219268e-08 -1.3753982243940368e-07 -9.58269058392773e-08 -1.0739843526183551e-07 -6.134615680994972e-08 6.402826209122274e-08 -3.632675541366377e-08 -1.4803929541081482e-07 1.8006656197267667e-07 -1.9508852614004792e-08 5.793279575150438e-08 -1.4828236924720772e-07 1.0030612648656564e-07 -1.3690416991617204e-07 -7.036128490713722e-08 -2.6970789967515667e-08 3.6999156226725823e-06 3.354183836274348e-08 3.744372656412411e-08 -1.2790017422546288e-07
PC19 6.600568634349647e-07 2.709295701246196e-08 -1.1603893109610853e-08 1.1348728015053647e-07 -7.16323353177391e-08 8.537765123643374e-08 -3.7846783287776726e-08 -4.858637751607151e-08 -3.3878460227229236e-08 -6.220681552536263e-08 1.4886798358272473e-07 7.405300997977977e-08 -8.524488647341917e-08 6.308026130262869e-08 1.1422873362993664e-07 1.0362100399156957e-07 -1.1814066147689634e-07 -5.1996433077723605e-08 3.354183836274345e-08 3.7368512011980423e-06 1.0097514520634169e-07 -3.146294650976631e-07
PC20 1.5558578352044193e-08 1.4067384795096753e-08 -1.96698708381465e-08 3.2776931813526644e-08 -9.865671013046066e-09 6.711818883209479e-08 -8.499443039870779e-08 -1.0722066367594007e-07 9.205892591776348e-08 -8.05513850069604e-08 6.462763682534314e-08 1.6460328377801334e-07 -9.825305289293648e-08 2.4852138608250995e-08 -3.698255997519627e-08 6.849118546848747e-08 -6.990158401450951e-08 -1.7857584024254904e-08 3.744372656412414e-08 1.0097514520634167e-07 3.458988556437195e-06 3.4763595432346557e-07
proband -1.7279082940817554e-06 3.1968405103103814e-07 1.1326352877444181e-07 -9.138115013273388e-07 2.3360203801757174e-06 4.07666656970186e-07 -5.260356198785615e-07 4.375663545255652e-07 -8.635754369821579e-08 2.807903143456159e-08 7.993911308890696e-09 4.910113134811313e-07 -3.285309584334024e-07 -4.538894012255095e-07 -5.245613905328125e-07 1.7809064613240514e-07 3.359453204265416e-07 -1.9645646605302148e-07 -1.2790017422546267e-07 -3.1462946509766324e-07 3.476359543234659e-07 0.0001979489100451396
