 intercept PC1 PC2 PC3 PC4 PC5 PC6 PC7 PC8 PC9 PC10 PC11 PC12 PC13 PC14 PC15 PC16 PC17 PC18 PC19 PC20 proband paternal maternal gpp gmp gpm gmm
intercept 0.0007724026570542106 1.898910458998044e-06 6.184809575451352e-07 3.098855663647207e-07 1.3739136827054048e-06 -1.7807297244568396e-06 1.4123253715245478e-06 1.9801329858779717e-06 1.6975033366436863e-06 1.3297458023861944e-06 3.2742111251458656e-07 3.359637631979888e-06 -3.971320231213613e-06 1.92606769622254e-06 -1.8973623669510089e-06 -2.304166893440949e-06 -3.3376642783403337e-06 -9.673815218099046e-07 -2.1744352863829312e-07 3.3882413357790926e-06 3.9231895628327554e-07 -1.2970215153350376e-05 7.507496724619257e-05 0.00012861844382340665 -3.2143516434334337e-05 -8.67424589660983e-05 -6.703520874969992e-05 -0.00016301952706975007
PC1 1.8989104589980443e-06 2.6187343288712293e-06 -2.005021985309917e-06 -2.0774418382523568e-07 -1.873453354153348e-08 -3.6830686670078377e-07 3.2993102948446676e-08 1.9690383073925004e-07 7.844695586262043e-08 -1.0611102652483121e-07 9.662356086079776e-08 -5.996442959044662e-08 6.784678695721629e-07 -1.6407365168658119e-07 -3.644671130984184e-07 -7.264858977200695e-07 -5.565310054870287e-07 1.8246761578619446e-07 -6.160183906327939e-08 2.033965725173151e-07 -7.595966541647608e-08 -4.191737097433032e-07 4.904575327665844e-07 -1.310078082862163e-06 -2.351193596572445e-08 4.935453063036875e-08 7.3335547850736954e-06 1.3184567918795648e-06
PC2 6.184809575451416e-07 -2.0050219853099174e-06 5.121039116518086e-05 1.0645845495468575e-06 1.3800923343797412e-06 -5.476748566688165e-07 -5.371437323413648e-08 -1.973160654830428e-07 1.1446022253015451e-06 -3.6015929320604536e-07 5.054081915918407e-07 -5.33592071731667e-07 -7.799444779580832e-07 5.986488018093187e-07 -8.76337031198971e-07 3.858961713689861e-07 4.9056627601359694e-08 8.393348187072586e-07 3.7184994783191654e-07 -4.221390360888183e-07 -3.846380902845761e-07 -2.081062251240637e-06 7.278829278783708e-07 -5.241542187668869e-06 -3.5149946738390427e-06 9.213894182353348e-06 1.1978510585441548e-06 4.808403162370077e-06
PC3 3.098855663647208e-07 -2.0774418382523552e-07 1.0645845495468573e-06 5.190276886430806e-06 4.156679329648493e-08 1.0797212796315694e-06 2.2631262170152372e-08 4.1247849370271805e-07 -2.5833312911362447e-07 -1.011476154000998e-06 1.0453468685539249e-07 2.8959221922207445e-07 -1.3531349828000485e-08 -6.129952119104595e-07 8.872542562063489e-08 -1.886946686793811e-08 1.41251003777205e-07 -3.16518827577925e-07 -4.298701779668574e-07 3.9069620205919734e-07 1.4128440475480008e-07 1.6871599308057635e-07 -2.317839173819622e-07 9.176788724735021e-07 2.7214938495283784e-06 -1.1089990350709438e-05 -8.082905422218759e-06 -6.790166105181974e-07
PC4 1.3739136827054062e-06 -1.8734533541533616e-08 1.380092334379741e-06 4.156679329648498e-08 9.547941564618957e-06 1.623324500412504e-06 -4.226719274768772e-07 1.4326661626401804e-07 -1.2478382322859267e-06 5.16438380651397e-07 2.7966869078214655e-07 2.1372464166996636e-07 -9.439434502301618e-07 -4.7402791640106547e-07 -1.2098601824696562e-07 -1.1437133452395982e-07 1.0690882073530687e-07 -1.7634004218415438e-08 -4.576469532746043e-07 -2.2782104637608847e-07 1.692064422279308e-07 3.415881886307581e-06 -1.0534961613657688e-05 -2.5758919702882483e-06 6.952785934403114e-06 1.2938961214171194e-05 4.0090287031845e-06 1.1608322109652596e-05
PC5 -1.7807297244568453e-06 -3.6830686670078414e-07 -5.476748566688158e-07 1.0797212796315694e-06 1.6233245004125045e-06 1.728185142207796e-05 4.3013165959201693e-07 1.0870001859927292e-06 -7.786933218243634e-07 -3.998601835262082e-07 -2.6862602178269355e-07 -1.1860258562360255e-06 6.162059392806762e-07 -1.0864319718111854e-06 6.60686259102311e-07 -1.3934374385591406e-07 -1.7773198580001996e-07 7.687720465911209e-07 -3.213349663018901e-07 2.1160254257895258e-07 8.249676962419456e-08 1.5164564586198257e-06 5.224474008118151e-06 -1.2682231346946183e-05 3.9354582884341843e-07 -6.331112329849402e-06 1.949705101848993e-05 -5.151732135645664e-06
PC6 1.412325371524547e-06 3.299310294844658e-08 -5.3714373234136566e-08 2.2631262170152498e-08 -4.22671927476877e-07 4.301316595920174e-07 1.623003585611775e-05 -1.427459112768945e-08 4.6431331535238663e-07 1.9640591040371783e-07 6.542199569725032e-08 -5.198089799973739e-07 2.413618266494471e-07 -3.892198767595697e-07 -2.837594927044058e-07 5.376051624094121e-08 -7.810144045309025e-08 2.802658489408856e-07 -4.5235208744838377e-07 -1.751330753752073e-07 -5.386870622728218e-07 2.1610193671388547e-06 1.2202952752646392e-06 -6.299922899714622e-06 -3.0096392252673476e-06 -5.013715108668968e-06 -6.658209524202377e-06 1.1128411894050566e-05
PC7 1.9801329858779725e-06 1.9690383073925012e-07 -1.9731606548304281e-07 4.1247849370271805e-07 1.4326661626401807e-07 1.0870001859927292e-06 -1.427459112768961e-08 1.3490315518298652e-05 8.173111333819343e-07 -2.664008455216951e-07 -2.267078352411754e-07 1.2176969780523342e-06 1.9582278563904216e-07 5.160553142551728e-07 -5.659126739086391e-08 -3.825773715882318e-07 -3.4698211431947684e-07 -9.06706442962431e-08 1.380885506110492e-07 2.7931452853937724e-08 -2.1873118600184716e-07 -2.431435540369413e-06 6.066101938300426e-06 5.437222209078367e-06 -4.0774288211797645e-06 -8.047191217114609e-06 5.881954084232084e-06 -1.0597768500695202e-05
PC8 1.6975033366436928e-06 7.844695586262053e-08 1.144602225301545e-06 -2.5833312911362447e-07 -1.2478382322859267e-06 -7.786933218243638e-07 4.643133153523862e-07 8.173111333819345e-07 1.449712699857484e-05 3.891078468737929e-07 3.883741335472445e-08 -8.389266700719694e-07 1.3908341976749815e-07 8.150188247315155e-08 -1.4230408657389237e-07 -5.219882726016924e-07 -1.8489573650242738e-09 1.1153735876807249e-07 -5.187746418594651e-07 -3.756131030144448e-07 3.5145424932455274e-07 1.416096814610351e-06 3.6529273454380407e-06 5.21566236817618e-06 -1.961570570927405e-06 -9.481508529552543e-06 -1.0428828793921467e-05 7.940449988577903e-06
PC9 1.3297458023861937e-06 -1.0611102652483103e-07 -3.60159293206046e-07 -1.0114761540009979e-06 5.164383806513966e-07 -3.9986018352620864e-07 1.9640591040371754e-07 -2.6640084552169516e-07 3.891078468737928e-07 1.2817531204755226e-05 -3.713804775764869e-07 1.132590311033741e-07 -5.05739433415927e-07 -4.8288611006493065e-08 -8.334273032311011e-07 3.5621901518779676e-07 6.704386435164344e-07 6.277983722704635e-07 -2.943288180860918e-07 -1.6828864521455245e-07 -5.818535194765027e-07 8.092161840759567e-08 -1.5994643107417523e-06 -2.5225730807234904e-07 -8.009825272595342e-06 5.263571108423473e-06 9.881524599558168e-06 -4.32887228182727e-06
PC10 3.2742111251458905e-07 9.662356086079756e-08 5.054081915918412e-07 1.0453468685539254e-07 2.7966869078214623e-07 -2.686260217826937e-07 6.542199569725078e-08 -2.2670783524117543e-07 3.883741335472474e-08 -3.7138047757648715e-07 1.3103377970042483e-05 -4.06955577509637e-07 1.0150978901226131e-07 -3.548048445642917e-07 -7.839427788743388e-10 2.4583837785632307e-07 -1.5827596660904736e-07 -2.4940302679510095e-07 2.230988920263123e-07 5.815918718023177e-07 -2.5878282057874516e-07 -1.7275965575217087e-06 -1.9246173699677525e-06 7.427883058696805e-06 -8.812309376522879e-06 1.2876864741905339e-05 -1.081396070796912e-05 1.1541439256467642e-06
PC11 3.359637631979888e-06 -5.996442959044666e-08 -5.33592071731667e-07 2.895922192220744e-07 2.1372464166996654e-07 -1.1860258562360267e-06 -5.198089799973741e-07 1.217696978052334e-06 -8.389266700719695e-07 1.1325903110337425e-07 -4.069555775096371e-07 1.2692298191095502e-05 -2.4752386920373576e-07 -1.62829208809488e-08 -4.073278000259995e-07 3.0237269115938407e-07 3.015084568281823e-07 3.672096001457446e-07 1.4784728730213833e-08 5.58052820723843e-07 3.771426206700892e-07 -2.198552490728388e-06 4.252961355479125e-07 1.3167528804460065e-06 -4.158161715578497e-06 9.783935466288068e-06 5.334601366206774e-06 -3.9890379211330545e-06
PC12 -3.971320231213615e-06 6.784678695721628e-07 -7.799444779580827e-07 -1.3531349828000656e-08 -9.439434502301619e-07 6.162059392806766e-07 2.4136182664944715e-07 1.9582278563904208e-07 1.3908341976749853e-07 -5.057394334159275e-07 1.0150978901226106e-07 -2.4752386920373587e-07 1.122867866171077e-05 2.7902726164233716e-07 -4.2667988325816615e-09 -6.363852949677824e-07 -1.773713174450286e-07 2.793231532860363e-08 -1.8000335013954492e-07 1.4116839910511195e-07 -2.3090074897279047e-07 -5.584371680392766e-07 -3.980753072162562e-06 -6.3550886532656115e-06 9.81969491209082e-07 4.181198230093814e-06 1.5097032417765034e-05 -6.747585527448167e-07
PC13 1.9260676962225424e-06 -1.6407365168658103e-07 5.986488018093187e-07 -6.129952119104594e-07 -4.740279164010654e-07 -1.086431971811185e-06 -3.8921987675957e-07 5.160553142551727e-07 8.150188247315133e-08 -4.82886110064932e-08 -3.548048445642916e-07 -1.6282920880948526e-08 2.790272616423376e-07 1.1492658411663221e-05 -7.705082499984688e-07 1.1082353218461693e-06 5.957034515587734e-07 5.974574455219118e-08 -1.6515520688634619e-07 -9.239086724585425e-08 6.443620156766125e-08 -3.997045404385245e-07 -5.634009688898016e-06 6.866208935442353e-06 -1.434253118342688e-06 2.158684080048368e-06 -4.10508221521244e-06 -3.3331949769621093e-06
PC14 -1.8973623669510083e-06 -3.644671130984185e-07 -8.763370311989711e-07 8.872542562063498e-08 -1.209860182469658e-07 6.60686259102311e-07 -2.837594927044057e-07 -5.659126739086407e-08 -1.423040865738926e-07 -8.334273032311015e-07 -7.839427788741506e-10 -4.0732780002599983e-07 -4.266798832581946e-09 -7.70508249998469e-07 1.2338257554876423e-05 -1.586609622310287e-07 2.285876916322201e-07 -2.407003331878757e-07 1.7354743173408964e-07 -1.3561916002932126e-08 -4.529901994277534e-08 -2.464287804966229e-06 -2.4187767708541593e-06 -8.190694566489687e-07 4.819907436995643e-06 3.125206055566232e-06 1.0386194676766807e-05 -6.494049450132765e-06
PC15 -2.3041668934409492e-06 -7.264858977200696e-07 3.858961713689868e-07 -1.886946686793813e-08 -1.1437133452395978e-07 -1.3934374385591433e-07 5.376051624094133e-08 -3.8257737158823126e-07 -5.219882726016926e-07 3.562190151877968e-07 2.45838377856323e-07 3.023726911593841e-07 -6.363852949677822e-07 1.1082353218461696e-06 -1.5866096223102867e-07 1.1859913087772095e-05 5.344181565280355e-07 -7.59544948117865e-07 2.3735375535577077e-08 -6.831642212195928e-08 1.7446866418025732e-07 -1.921607452005626e-06 -1.1286064635358698e-06 9.108551327181414e-07 5.1543124600233305e-06 -3.932966815320521e-06 -2.3083114801504023e-06 1.868564757772802e-06
PC16 -3.3376642783403337e-06 -5.565310054870284e-07 4.905662760135999e-08 1.4125100377720494e-07 1.0690882073530704e-07 -1.7773198580001986e-07 -7.810144045309035e-08 -3.469821143194767e-07 -1.8489573650245732e-09 6.704386435164344e-07 -1.5827596660904738e-07 3.01508456828182e-07 -1.773713174450281e-07 5.957034515587734e-07 2.2858769163221989e-07 5.344181565280353e-07 1.1842326764729837e-05 -3.528884925600513e-07 -1.2449429097944423e-07 -6.892056986236881e-07 5.897788790131805e-08 -6.814779783988637e-07 -1.6340984142970393e-06 -9.12716436465718e-06 -6.806678595697692e-06 1.0154982451014222e-05 9.341675186182337e-06 9.868509820401137e-06
PC17 -9.673815218099084e-07 1.8246761578619425e-07 8.393348187072588e-07 -3.1651882757792514e-07 -1.7634004218415226e-08 7.68772046591121e-07 2.802658489408857e-07 -9.067064429624314e-08 1.1153735876807237e-07 6.277983722704633e-07 -2.4940302679510105e-07 3.6720960014574493e-07 2.7932315328603612e-08 5.974574455219124e-08 -2.4070033318787585e-07 -7.595449481178644e-07 -3.5288849256005116e-07 1.1031238623597671e-05 4.446868044987404e-07 -2.414276384675106e-07 1.0933514280292623e-07 3.3135329405121104e-06 -4.578412389511431e-06 -2.6958297763936413e-06 1.0706294124267873e-05 -4.6026028552220485e-06 2.777444377777188e-06 -2.0080389696283806e-06
PC18 -2.174435286382946e-07 -6.160183906327935e-08 3.718499478319161e-07 -4.298701779668576e-07 -4.5764695327460457e-07 -3.2133496630189005e-07 -4.523520874483834e-07 1.38088550611049e-07 -5.187746418594648e-07 -2.943288180860916e-07 2.23098892026312e-07 1.4784728730213815e-08 -1.8000335013954492e-07 -1.6515520688634642e-07 1.7354743173408948e-07 2.373537553557698e-08 -1.2449429097944415e-07 4.446868044987403e-07 1.0631961337100527e-05 -1.584650406017176e-07 2.08544262594785e-09 8.245924745128638e-07 -1.5302220035424597e-06 -2.186414548458411e-06 5.983557405265212e-06 -5.712904384874518e-06 6.544316380688196e-06 -5.3310814034322935e-06
PC19 3.388241335779092e-06 2.0339657251731512e-07 -4.221390360888184e-07 3.9069620205919713e-07 -2.278210463760883e-07 2.116025425789522e-07 -1.7513307537520713e-07 2.7931452853937443e-08 -3.7561310301444487e-07 -1.6828864521455224e-07 5.81591871802318e-07 5.580528207238432e-07 1.411683991051122e-07 -9.239086724585433e-08 -1.3561916002932229e-08 -6.831642212195931e-08 -6.892056986236876e-07 -2.4142763846751054e-07 -1.584650406017175e-07 1.0676342169670818e-05 4.6853694708009515e-07 6.533342010494109e-07 5.005769082814778e-07 -3.19294811252002e-06 4.374522261314552e-07 -4.731812709763664e-06 -1.3547655490863573e-06 3.6526500914670647e-06
PC20 3.9231895628327406e-07 -7.595966541647632e-08 -3.8463809028457553e-07 1.412844047548003e-07 1.6920644222793112e-07 8.249676962419411e-08 -5.38687062272822e-07 -2.1873118600184713e-07 3.5145424932455284e-07 -5.818535194765032e-07 -2.58782820578745e-07 3.771426206700895e-07 -2.3090074897279034e-07 6.44362015676612e-08 -4.529901994277534e-08 1.7446866418025732e-07 5.897788790131837e-08 1.0933514280292627e-07 2.0854426259481576e-09 4.685369470800951e-07 9.959011334616023e-06 3.323016676854636e-06 -5.996338190833126e-06 -3.1411731699380374e-06 3.217975094838649e-06 -2.003273126289219e-06 9.084229741986314e-06 -1.929803230484317e-06
proband -1.2970215153350439e-05 -4.191737097433054e-07 -2.0810622512406347e-06 1.6871599308057328e-07 3.41588188630759e-06 1.5164564586198136e-06 2.1610193671388573e-06 -2.431435540369416e-06 1.4160968146103524e-06 8.092161840759553e-08 -1.7275965575217034e-06 -2.1985524907283804e-06 -5.584371680392802e-07 -3.997045404385255e-07 -2.4642878049662275e-06 -1.9216074520056233e-06 -6.814779783988606e-07 3.3135329405121074e-06 8.245924745128641e-07 6.533342010494111e-07 3.323016676854636e-06 0.0009421766755261696 -0.000487820914427222 -0.0004570823583085975 1.799834130467389e-05 1.7084444945449396e-05 4.393555713746401e-06 -1.4538288994834662e-05
paternal 7.507496724619267e-05 4.904575327665832e-07 7.278829278783387e-07 -2.3178391738195804e-07 -1.053496161365769e-05 5.224474008118172e-06 1.2202952752646407e-06 6.066101938300436e-06 3.652927345438037e-06 -1.5994643107417453e-06 -1.924617369967755e-06 4.2529613554789435e-07 -3.980753072162561e-06 -5.634009688898003e-06 -2.418776770854166e-06 -1.1286064635358586e-06 -1.6340984142970383e-06 -4.578412389511425e-06 -1.530222003542471e-06 5.005769082814806e-07 -5.99633819083312e-06 -0.0004878209144272208 0.0028620186150064785 0.00010444505966267998 -0.002056741518233783 -0.0017572045756115825 -3.5544838297348033e-06 0.00014344608181862214
maternal 0.00012861844382340687 -1.3100780828621619e-06 -5.241542187668895e-06 9.176788724734942e-07 -2.5758919702882827e-06 -1.2682231346946157e-05 -6.299922899714638e-06 5.437222209078382e-06 5.215662368176164e-06 -2.5225730807235846e-07 7.427883058696785e-06 1.316752880446006e-06 -6.3550886532656005e-06 6.866208935442348e-06 -8.190694566489587e-07 9.108551327181268e-07 -9.127164364657185e-06 -2.6958297763936227e-06 -2.1864145484583988e-06 -3.1929481125200257e-06 -3.1411731699380213e-06 -0.00045708235830859784 0.00010444505966268086 0.0030301134493617593 7.522358348686816e-05 7.309341964548709e-05 -0.0022439230513545062 -0.0017371620954002684
gpp -3.214351643433428e-05 -2.3511935965727457e-08 -3.5149946738390237e-06 2.7214938495283844e-06 6.952785934403108e-06 3.9354582884342616e-07 -3.009639225267358e-06 -4.0774288211797645e-06 -1.961570570927397e-06 -8.009825272595354e-06 -8.812309376522882e-06 -4.158161715578495e-06 9.819694912090734e-07 -1.4342531183427e-06 4.819907436995642e-06 5.15431246002332e-06 -6.8066785956976925e-06 1.0706294124267865e-05 5.983557405265219e-06 4.374522261314609e-07 3.217975094838636e-06 1.7998341304672326e-05 -0.0020567415182337805 7.522358348686888e-05 0.004942085190440035 -0.0008048814209745042 0.00010312539123378212 -0.00014639159754966345
gmp -8.674245896609842e-05 4.935453063037486e-08 9.21389418235338e-06 -1.1089990350709457e-05 1.2938961214171192e-05 -6.331112329849431e-06 -5.013715108668967e-06 -8.047191217114623e-06 -9.481508529552541e-06 5.263571108423466e-06 1.287686474190534e-05 9.783935466288084e-06 4.181198230093818e-06 2.1586840800483516e-06 3.1252060555662426e-06 -3.932966815320532e-06 1.0154982451014218e-05 -4.602602855222053e-06 -5.712904384874512e-06 -4.731812709763672e-06 -2.0032731262892275e-06 1.7084444945448227e-05 -0.0017572045756115821 7.309341964548772e-05 -0.0008048814209745019 0.004176633139794501 -0.00012733476136029235 2.9836385480927393e-06
gpm -6.703520874970034e-05 7.3335547850737e-06 1.1978510585441987e-06 -8.082905422218755e-06 4.009028703184543e-06 1.9497051018489926e-05 -6.658209524202352e-06 5.88195408423206e-06 -1.0428828793921453e-05 9.881524599558188e-06 -1.0813960707969117e-05 5.33460136620677e-06 1.5097032417765048e-05 -4.105082215212448e-06 1.0386194676766798e-05 -2.3083114801503946e-06 9.341675186182364e-06 2.7774443777771907e-06 6.5443163806881845e-06 -1.3547655490863453e-06 9.084229741986314e-06 4.3935557137477975e-06 -3.5544838297357774e-06 -0.0022439230513545106 0.00010312539123378251 -0.00012733476136029206 0.006465920704580551 -0.0020956353830020183
gmm -0.00016301952706974994 1.3184567918795626e-06 4.808403162370073e-06 -6.790166105181879e-07 1.1608322109652613e-05 -5.151732135645698e-06 1.1128411894050559e-05 -1.0597768500695196e-05 7.940449988577913e-06 -4.328872281827272e-06 1.1541439256467892e-06 -3.989037921133052e-06 -6.747585527448441e-07 -3.333194976962088e-06 -6.494049450132775e-06 1.8685647577728159e-06 9.868509820401118e-06 -2.0080389696284085e-06 -5.331081403432304e-06 3.652650091467058e-06 -1.9298032304843455e-06 -1.4538288994835982e-05 0.0001434460818186227 -0.0017371620954002632 -0.00014639159754966364 2.9836385480927727e-06 -0.002095635383002025 0.0052928729682057835
