Estimate Std. Error z value Pr(>|z|)
(Intercept) -1.42693810848128 0.0740693753550358 -19.2648864883976 1.0589734161582e-82
covarSEX 1355.07114339558 1111.37294101886 1.21927671025831 0.222739185125191
covarYOB 106.566980936953 26.270417208797 4.05653934195107 4.98051763650995e-05
covarYOBsq -106.666255563767 26.1881502938594 -4.0730732933352 4.63968156242905e-05
covarSEX_YOB -2680.75211941375 2218.92094824278 -1.2081332241857 0.226996021884894
covarSEX_YOBsq 1325.65475551911 1107.75767588097 1.19670103343211 0.231423104103294
covarPC1 0.0653998437643604 0.0582185363263077 1.12335087570396 0.261288504455926
covarPC2 -0.0410285621091898 0.0542993652046467 -0.75559929576633 0.449889478291288
covarPC3 0.0873785091980186 0.0575416740533044 1.51852567092634 0.128881933057527
covarPC4 0.0752936571624478 0.0582331182448279 1.29296969545565 0.196021540491083
covarPC5 0.0940401357188495 0.0619121562376245 1.51892845337053 0.128780506061675
covarPC6 0.00705029495810671 0.0513723758441258 0.13723902860749 0.890841862385276
covarPC7 0.0768724247295159 0.0534474703942843 1.43827994407265 0.150354640101696
covarPC8 -0.045324103898499 0.0560256549838051 -0.808988380619565 0.41852182980961
covarPC9 0.129404278378922 0.0544102732461268 2.3783059826507 0.017392386942647
covarPC10 0.021975976965194 0.0542859507390279 0.40481886502901 0.685610660806756
covarPC11 -0.000532538450448787 0.0552984141783753 -0.00963026622664053 0.992316278028852
covarPC12 -0.0113514211969885 0.0531351166704939 -0.213633128301608 0.830833163094322
covarPC13 -0.0436398314891145 0.054602662973269 -0.799225332846468 0.424159765289029
covarPC14 -0.0370713881578545 0.0536187864633489 -0.691388048910703 0.489321712465531
covarPC15 0.0348180984311381 0.0541742531710623 0.642705646927802 0.52041511617905
covarPC16 0.0237583625105979 0.0535827062539983 0.443396091230929 0.657479262661936
covarPC17 -0.0852379830987809 0.0545830072200784 -1.56162123415263 0.118377244145517
covarPC18 -0.0441123478760495 0.0518776190720943 -0.85031558242383 0.395149655490259
covarPC19 -4.09355226189489e-05 0.0533003450735648 -0.000768016089998103 0.999387211879584
covarPC20 -0.0303568739889239 0.0529418568155399 -0.573400251046982 0.566373720372871
proband -0.0352231403141231 0.0574651152009739 -0.612948224169332 0.539910575233576
maternal -0.0253395900417301 0.109259198309877 -0.231921800944053 0.816598751422983
gmm 0.0671606713828594 0.147635888209568 0.454907490294808 0.649175793974222
gpm -0.0374538553735235 0.156443570298436 -0.239408083707598 0.810789162352291
