 intercept PC1 PC2 PC3 PC4 PC5 PC6 PC7 PC8 PC9 PC10 PC11 PC12 PC13 PC14 PC15 PC16 PC17 PC18 PC19 PC20 proband
intercept 0.00027888041427577375 3.125618035562933e-07 -2.087055566795193e-06 -3.8264247454602647e-07 1.4864591862705146e-10 -2.616859744196817e-07 -3.676877174890375e-07 6.968900188049408e-07 4.1976243575482926e-08 7.950819315754688e-07 -1.326665216831617e-07 -4.657617733874379e-07 3.919275954202252e-08 1.5430420901843154e-07 8.861143294959701e-08 -4.4611614824113766e-07 -1.248906734280647e-07 2.9208025461459104e-07 -6.975567059292084e-08 6.108221853369737e-07 3.3713278157309077e-07 -4.5858521924459485e-07
PC1 3.1256180355629325e-07 8.966500543201677e-07 -6.290310916091952e-07 4.2661484653174213e-08 -5.218203008619573e-08 -4.563813373321456e-08 -4.294202291772336e-09 4.584558450074991e-08 9.79564410138304e-08 -3.287229390693601e-08 4.350702547891004e-08 -4.425216788925171e-08 2.2211049304563195e-07 3.9603583559715406e-09 -9.409827089121532e-08 -1.6268507292788015e-07 -1.3992031339143637e-07 2.1816391799342604e-08 6.138496732346412e-08 2.4575953364285795e-08 2.5316631366346255e-08 1.7328939762168933e-06
PC2 -2.087055566795193e-06 -6.29031091609195e-07 1.7310436399749435e-05 1.9268965876777363e-07 5.445719871584656e-07 -2.2011032201457355e-07 -7.9424290448505e-08 3.170270589432653e-08 1.0409524391986737e-07 7.757412538491935e-08 -1.4843132881530144e-08 9.623284264212381e-08 -1.0441595588697914e-07 1.482389845313799e-08 -1.4550511731652195e-07 1.246396608151391e-07 -1.5436500149996167e-07 1.5688882081006327e-07 -1.8208701548085707e-08 -9.051467111335686e-09 4.472179293862398e-09 -6.540740733036781e-07
PC3 -3.8264247454602636e-07 4.266148465317426e-08 1.9268965876777358e-07 1.8846740096510234e-06 3.679127397464787e-09 2.4750881688291466e-07 1.4582359774901276e-09 5.016300392761558e-08 -6.628919013683536e-08 -2.9978506029706e-07 3.5896538389880423e-08 1.2437703085567512e-07 6.467114985261537e-08 -1.5659047406069303e-07 8.41193522622221e-09 -1.8797857929289384e-08 3.037707805703094e-09 -9.220440553448979e-08 -1.28058197594328e-07 9.458223905672855e-08 2.7365379986342043e-08 -1.4537498373997813e-06
PC4 1.486459186270818e-10 -5.2182030086195734e-08 5.445719871584656e-07 3.6791273974647715e-09 3.1658893165396305e-06 3.908567447863138e-07 -2.0808615654884136e-07 -3.1315994827159614e-08 -3.2284804699868955e-07 2.474703744215929e-07 9.912391475234859e-08 8.415006228963365e-08 -1.9368751555966616e-07 4.895850333251503e-08 -7.510782084809773e-08 -7.8774322717499e-09 5.266285244795573e-08 -5.268383134538958e-09 -6.191487716866565e-08 -7.332311620061042e-08 -2.3186181611575584e-08 1.4721139343299773e-06
PC5 -2.6168597441968165e-07 -4.5638133733214544e-08 -2.2011032201457347e-07 2.4750881688291455e-07 3.9085674478631386e-07 5.127880830927171e-06 1.5208200326651758e-08 4.4851178981103983e-07 6.63465727861502e-08 -4.5893003812949483e-08 -7.266677947308802e-08 -2.8461022490458367e-07 1.6981654366672396e-07 -2.037886468854594e-07 3.105289482656277e-08 6.002549717053574e-08 -5.793933877116631e-08 2.2304988106307388e-07 -1.0024064721928044e-07 6.068073018302078e-08 8.633863730975627e-08 -6.108423777706841e-07
PC6 -3.676877174890371e-07 -4.294202291772372e-09 -7.942429044850507e-08 1.4582359774901744e-09 -2.080861565488415e-07 1.5208200326651705e-08 5.909371716011763e-06 3.9904625486256045e-09 1.0044599349387386e-08 5.848795255033044e-08 1.068353895474321e-08 -1.3890551975705506e-07 2.0396535531282713e-08 -1.6704300601749043e-07 -1.805694859974314e-08 -3.056318184398076e-08 -2.1154712430942164e-08 2.4505651607822017e-07 -6.745599223160728e-08 -2.6303302270140318e-08 -9.894507179380251e-08 8.336597742062861e-07
PC7 6.968900188049413e-07 4.584558450074989e-08 3.170270589432662e-08 5.016300392761554e-08 -3.131599482715962e-08 4.485117898110398e-07 3.990462548625607e-09 4.911243629233941e-06 2.1495307212483768e-07 -8.062848182272181e-08 -4.7355811887144126e-08 3.308999380909727e-07 7.55132543849387e-08 2.652217799064876e-07 -2.333437156428935e-08 -1.5738804207327886e-07 -8.062815854072246e-08 -2.4248026180358892e-08 5.1007296731169484e-08 -3.368710735637886e-08 -9.462275510536022e-08 -1.7801506420321667e-07
PC8 4.1976243575482806e-08 9.795644101383039e-08 1.0409524391986734e-07 -6.628919013683531e-08 -3.2284804699868955e-07 6.634657278615022e-08 1.0044599349387457e-08 2.1495307212483754e-07 4.957806755425734e-06 8.724990097636577e-10 1.2051360681430088e-07 -2.171338875374356e-07 1.0849777823427348e-07 -6.25835111829676e-08 6.819692605332278e-08 -8.088240038548864e-08 2.980828516790678e-08 6.73411172263485e-08 -2.7058421121209483e-08 -6.634866119520173e-08 7.890214888738628e-08 1.2420727347920085e-07
PC9 7.950819315754685e-07 -3.2872293906936046e-08 7.75741253849196e-08 -2.997850602970598e-07 2.4747037442159293e-07 -4.5893003812949364e-08 5.848795255033045e-08 -8.062848182272171e-08 8.724990097636822e-10 4.709092616016571e-06 -4.0377884734566714e-08 -1.354280004215097e-07 -4.63926234054024e-08 -1.2405752027071344e-07 -4.570597797900593e-08 3.942810351330434e-08 1.2631928711254738e-07 1.1780718794015089e-07 -1.7729524439406692e-07 -7.606233891823784e-08 -8.3977255189528e-08 -3.3535622195379627e-07
PC10 -1.3266652168316184e-07 4.350702547891002e-08 -1.484313288153023e-08 3.5896538389880457e-08 9.912391475234861e-08 -7.2666779473088e-08 1.068353895474325e-08 -4.735581188714411e-08 1.2051360681430096e-07 -4.0377884734566767e-08 4.328183766140111e-06 -2.0083731544493954e-07 1.2393957257725258e-07 -1.8370793921787555e-07 -8.766953876040915e-08 -8.278620982769262e-08 -1.5370916047251777e-07 2.9017473203759926e-08 1.6627299257453135e-07 1.3382824127292905e-07 3.380932728679125e-08 6.658656752992885e-07
PC11 -4.657617733874375e-07 -4.425216788925171e-08 9.623284264212373e-08 1.2437703085567507e-07 8.415006228963357e-08 -2.8461022490458357e-07 -1.3890551975705517e-07 3.3089993809097295e-07 -2.1713388753743563e-07 -1.3542800042150979e-07 -2.0083731544493957e-07 4.251696227395427e-06 -7.023491412556555e-08 -4.856957034130784e-08 -1.0278810221312637e-07 9.794580122035564e-08 2.078258851785365e-08 1.5258207651326522e-07 -2.2969100703365556e-08 6.973143326705903e-08 1.723504484893304e-07 -2.573088382209092e-07
PC12 3.919275954202214e-08 2.2211049304563198e-07 -1.0441595588697919e-07 6.467114985261545e-08 -1.936875155596662e-07 1.6981654366672385e-07 2.0396535531282736e-08 7.551325438493875e-08 1.0849777823427347e-07 -4.639262340540241e-08 1.2393957257725263e-07 -7.023491412556553e-08 4.12960492734002e-06 -2.934101288505256e-09 -1.1419972072163733e-08 -9.179139781880845e-08 -1.0407757176010093e-07 -8.809615815464685e-09 4.744471554280284e-08 -4.182856778461268e-08 -6.536219067564798e-08 6.452360793045029e-07
PC13 1.5430420901843167e-07 3.960358355971554e-09 1.4823898453137996e-08 -1.56590474060693e-07 4.8958503332515104e-08 -2.0378864688545935e-07 -1.6704300601749043e-07 2.6522177990648744e-07 -6.258351118296757e-08 -1.240575202707133e-07 -1.8370793921787555e-07 -4.8569570341307915e-08 -2.934101288505224e-09 3.91656144813204e-06 -5.79426188396381e-08 1.8413433698138878e-07 5.9361988437385866e-08 2.114406419773498e-08 -1.1442571524156892e-07 3.449206298071803e-08 4.008722256770275e-08 -5.135945342681192e-07
PC14 8.861143294959691e-08 -9.409827089121532e-08 -1.455051173165219e-07 8.411935226222221e-09 -7.510782084809774e-08 3.1052894826562854e-08 -1.8056948599743218e-08 -2.333437156428927e-08 6.819692605332278e-08 -4.5705977979005784e-08 -8.766953876040923e-08 -1.0278810221312637e-07 -1.1419972072163773e-08 -5.794261883963817e-08 4.238897972587657e-06 2.1498901266473277e-09 -7.221822299148202e-08 -1.936074360981036e-08 9.547985453208674e-08 1.1209790421402143e-07 -4.086888938452389e-09 5.384106521649547e-07
PC15 -4.4611614824113745e-07 -1.626850729278801e-07 1.2463966081513887e-07 -1.8797857929289403e-08 -7.877432271749887e-09 6.00254971705359e-08 -3.056318184398081e-08 -1.5738804207327888e-07 -8.088240038548867e-08 3.942810351330436e-08 -8.278620982769263e-08 9.794580122035564e-08 -9.179139781880837e-08 1.8413433698138868e-07 2.1498901266473798e-09 4.035148362759299e-06 1.249849039701306e-07 -1.4972051878187898e-07 -7.988676036651498e-08 9.530689917353382e-08 8.497108193859889e-08 5.341472173514064e-07
PC16 -1.248906734280644e-07 -1.3992031339143642e-07 -1.5436500149996162e-07 3.0377078057031307e-09 5.2662852447955676e-08 -5.793933877116632e-08 -2.1154712430942098e-08 -8.062815854072245e-08 2.980828516790667e-08 1.2631928711254743e-07 -1.537091604725179e-07 2.078258851785374e-08 -1.0407757176010088e-07 5.9361988437385945e-08 -7.221822299148204e-08 1.249849039701307e-07 4.13663609054134e-06 4.619848617910227e-09 -4.880389206602318e-08 -1.1135949627906615e-07 -8.190271449679358e-08 -1.6099845262631315e-07
PC17 2.9208025461459067e-07 2.1816391799342604e-08 1.5688882081006335e-07 -9.220440553448968e-08 -5.268383134538903e-09 2.230498810630739e-07 2.450565160782201e-07 -2.424802618035891e-08 6.734111722634844e-08 1.1780718794015085e-07 2.901747320375998e-08 1.5258207651326533e-07 -8.809615815464622e-09 2.1144064197735002e-08 -1.9360743609810403e-08 -1.4972051878187893e-07 4.6198486179102345e-09 3.797859662976035e-06 -1.8819267455668935e-08 -3.5468292044394893e-08 6.922535404315269e-09 1.2945564029884724e-07
PC18 -6.975567059292077e-08 6.138496732346418e-08 -1.8208701548085723e-08 -1.2805819759432797e-07 -6.191487716866567e-08 -1.0024064721928055e-07 -6.745599223160733e-08 5.1007296731169484e-08 -2.705842112120946e-08 -1.772952443940668e-07 1.6627299257453138e-07 -2.2969100703365586e-08 4.7444715542802844e-08 -1.1442571524156883e-07 9.547985453208673e-08 -7.988676036651504e-08 -4.8803892066023164e-08 -1.8819267455668875e-08 3.840172786953458e-06 -1.3178517943175341e-08 3.6729890088374385e-08 4.018403613496019e-07
PC19 6.108221853369738e-07 2.4575953364285815e-08 -9.051467111335769e-09 9.458223905672848e-08 -7.332311620061032e-08 6.068073018302083e-08 -2.6303302270140334e-08 -3.3687107356378816e-08 -6.634866119520165e-08 -7.606233891823782e-08 1.33828241272929e-07 6.973143326705899e-08 -4.1828567784612655e-08 3.4492062980718035e-08 1.1209790421402136e-07 9.53068991735338e-08 -1.1135949627906612e-07 -3.5468292044394913e-08 -1.3178517943175366e-08 3.858969580570224e-06 1.0789152414913236e-07 -3.529983508404106e-07
PC20 3.371327815730909e-07 2.5316631366346285e-08 4.472179293862304e-09 2.7365379986342086e-08 -2.31861816115756e-08 8.633863730975627e-08 -9.894507179380255e-08 -9.462275510536019e-08 7.890214888738624e-08 -8.3977255189528e-08 3.3809327286791185e-08 1.7235044848933034e-07 -6.53621906756479e-08 4.008722256770276e-08 -4.086888938452457e-09 8.497108193859887e-08 -8.190271449679354e-08 6.922535404315294e-09 3.672989008837434e-08 1.0789152414913234e-07 3.584680335485955e-06 7.307657790160608e-07
proband -4.5858521924459485e-07 1.7328939762168946e-06 -6.540740733036786e-07 -1.4537498373997815e-06 1.4721139343299773e-06 -6.108423777706834e-07 8.336597742062866e-07 -1.7801506420321635e-07 1.2420727347920133e-07 -3.3535622195379553e-07 6.658656752992886e-07 -2.573088382209095e-07 6.452360793045033e-07 -5.135945342681199e-07 5.384106521649552e-07 5.341472173514055e-07 -1.6099845262631326e-07 1.2945564029884745e-07 4.018403613496021e-07 -3.5299835084041105e-07 7.307657790160609e-07 0.0002058235174040794
