Estimate Std. Error z value Pr(>|z|)
(Intercept) -1.66121966419972 0.11919229630732 -13.9373073232561 3.7585467923018e-44
covarSEX -511.589609817048 1702.63144422125 -0.300469964626454 0.763818703340414
covarYOB 147.564858516217 34.9092400504667 4.22710028356073 2.36722181979851e-05
covarYOBsq -147.465516359002 34.7610321919414 -4.24226517626795 2.21275018105224e-05
covarSEX_YOB 1040.65536188879 3394.97222444407 0.30652838759504 0.75920236920043
covarSEX_YOBsq -529.48721018028 1692.67980157576 -0.312810024487424 0.754424998891798
covarPC1 0.0907000732740516 0.0632262989138 1.43453080177456 0.151420845688917
covarPC2 -0.0962578453272166 0.0588476958717374 -1.63571137155509 0.10190000840923
covarPC3 0.0760718941835193 0.0627743194651634 1.21183144368033 0.225576909246486
covarPC4 0.0333985788901314 0.0639241394020049 0.52247209274254 0.601341672205145
covarPC5 -0.0225207852281917 0.0681051923341156 -0.33067647937484 0.740888870476439
covarPC6 0.00716837927927097 0.0553359914564562 0.129542800094433 0.896928160662278
covarPC7 0.0642081600129119 0.0572638168513435 1.12126930308533 0.262173247873662
covarPC8 -0.062818416924323 0.0598811054676725 -1.04905239196421 0.294154005832492
covarPC9 0.0183183961574017 0.0574655936155956 0.318771546674327 0.749899756001918
covarPC10 -0.063067040576445 0.0605178101372396 -1.04212363985783 0.297354359773136
covarPC11 0.0157737206038041 0.0597468491103065 0.264009246323303 0.791772793924365
covarPC12 0.0108067053898726 0.0573049168043989 0.18858251599526 0.8504200371417
covarPC13 -0.0108026700663325 0.0568880632069992 -0.189893440861658 0.849392632388921
covarPC14 0.0742605680371609 0.0580656173231194 1.27890775058708 0.200929542990657
covarPC15 0.0105926490032883 0.0589010746166219 0.179837958343447 0.857279782956449
covarPC16 -0.0122087627199682 0.0589412976849674 -0.20713427086764 0.835904998154804
covarPC17 -0.0754961386098824 0.0590963555429612 -1.27750921213744 0.201422530207236
covarPC18 0.0184441922321695 0.0566066773822426 0.325830680851009 0.744552464406445
covarPC19 0.00525467728453218 0.0574742657550635 0.0914266100749489 0.927153618508125
covarPC20 0.00286795702839604 0.056708143517027 0.0505739890344835 0.959664990036849
proband 0.082803867323362 0.0617772428936684 1.3403619754589 0.180127691586063
paternal -0.161395513030336 0.116568566155781 -1.38455433014977 0.166188784382985
gpp 0.165217423199464 0.166611166889066 0.991634752246045 0.321375730259632
gmp 0.0337534341928934 0.160508730684192 0.210290331554018 0.833441080884472
