Estimate Std. Error z value Pr(>|z|)
(Intercept) -1.72552841777806 0.0417686737488541 -41.3115443442924 0
covarSEX 65.3257639154517 594.071999559723 0.109962704796499 0.912438952755129
covarYOB 11.5758796349907 15.1970840066315 0.761717157708637 0.446228832737798
covarYOBsq -11.4826634574842 15.1778725937018 -0.756539718369294 0.449325668224556
covarSEX_YOB -114.903692924868 1187.94589017778 -0.0967246857579284 0.922945035344605
covarSEX_YOBsq 49.8209404772841 593.972393709813 0.083877535395398 0.933153800764933
covarPC1 -0.0150913133406978 0.0433595497641611 -0.348050508429668 0.727802251759041
covarPC2 -0.000662155945198901 0.0418292733831694 -0.0158299652765503 0.987370042595539
covarPC3 0.108900004041335 0.0443667423863307 2.45454135652039 0.0141064437338844
covarPC4 -0.0456187505931572 0.0418450114115131 -1.09018372929887 0.275632219130133
covarPC5 0.045130766134781 0.0437826756132518 1.03079050109768 0.302639073669189
covarPC6 -0.0163473181311532 0.0402171542043754 -0.406476252598069 0.684392702192964
covarPC7 0.0456908419070243 0.04227850751997 1.08071085256362 0.279825754062409
covarPC8 0.0497195608980019 0.0425469998685925 1.16857971305996 0.242573005739048
covarPC9 0.0272737188238678 0.0422838559719379 0.645014940027426 0.518917504030483
covarPC10 -0.0408607879690288 0.0422004356556424 -0.968255121877289 0.33291697189185
covarPC11 -0.00222059725531202 0.0418837672507323 -0.0530180879389066 0.957717495890427
covarPC12 -0.051755403636533 0.0409298689188701 -1.26448984576816 0.206054263050449
covarPC13 -0.0288546770914304 0.0408320486765031 -0.706667385710551 0.479773201924917
covarPC14 -0.0648958400647131 0.0411666851941088 -1.57641645808296 0.114929857907981
covarPC15 -0.0549446652879005 0.041301767292573 -1.33032237818503 0.183412077089212
covarPC16 -0.0572603840386282 0.0411655326067676 -1.39097882166632 0.164231848957241
covarPC17 0.0474663373194118 0.0411075722222995 1.15468598006046 0.248219042820297
covarPC18 -0.0774295201559263 0.0404834172037159 -1.91262313075733 0.0557963163056322
covarPC19 -0.00260936476664861 0.0408720675314337 -0.0638422503251594 0.94909583596312
covarPC20 0.0195442349665101 0.0406776239787024 0.480466483901393 0.630895729775658
proband 0.034690129129278 0.0396372938929504 0.875189139373811 0.381471001596957
