 intercept PC1 PC2 PC3 PC4 PC5 PC6 PC7 PC8 PC9 PC10 PC11 PC12 PC13 PC14 PC15 PC16 PC17 PC18 PC19 PC20 proband maternal gpm gmm
intercept 0.00038178159830963153 4.840354133116598e-07 -3.1433287417089187e-06 -7.00370780210941e-07 7.984877809391452e-07 -3.4089601164746603e-07 1.4256563429104727e-07 1.6362660672350001e-06 8.118161623102059e-07 3.261933623789893e-07 -4.613576900756774e-07 2.8385394589666856e-07 -3.782489995082836e-07 7.09374178260786e-07 2.3110655900409572e-07 -8.580077298772396e-07 -3.481697475918122e-07 -4.698895653663752e-07 5.822424017811168e-07 1.0576345452101081e-06 3.993740038770977e-07 4.023906744020283e-06 2.687033922034535e-05 -7.980497459614093e-05 2.781950786934235e-05
PC1 4.840354133116596e-07 1.362120257617663e-06 -1.0165018311448478e-06 -4.813486133540907e-08 -5.5076067492373834e-08 -2.015464597620669e-07 3.0492371467051686e-08 1.4031906918904678e-07 1.4151121242149368e-07 -6.924066211185214e-08 1.3323906278725244e-07 -8.486145043489104e-08 3.3259032766078534e-07 -9.556972666783061e-08 -1.3130806141388805e-07 -2.999651625732042e-07 -2.2635632878631476e-07 -2.7381339496540408e-09 -2.8165640387267626e-08 8.92088781487777e-08 2.4540165583760148e-08 2.2388786431638683e-06 -2.5970781136289747e-06 5.4482642204300405e-06 2.4890981745033713e-06
PC2 -3.1433287417089166e-06 -1.0165018311448476e-06 2.682072887409157e-05 4.2871678042502187e-07 9.330283448570328e-07 -1.432254466572543e-07 -5.673306459888847e-08 -2.0077320966842767e-07 2.5750587073259205e-07 5.434577701307768e-09 -4.1012815320244505e-08 -8.662063816158092e-08 -2.0581012712918007e-07 2.758712760252658e-07 -3.389371881373546e-07 2.839972516014181e-07 -1.1141671939840299e-07 6.358036622892069e-07 6.10405440808352e-08 -2.666146371169811e-07 1.0423388259497433e-07 -8.2157426064332e-07 -5.465712041664207e-07 6.880066556636465e-06 -8.979715274604413e-07
PC3 -7.003707802109412e-07 -4.813486133540903e-08 4.287167804250217e-07 2.742644316229705e-06 2.9752771499475667e-08 5.322454367880972e-07 6.998774024893729e-09 9.720105912593246e-08 -1.1167490584752155e-07 -4.778289040898476e-07 2.036170640607887e-08 1.706969866224896e-07 9.987037402709823e-08 -3.935271579570498e-07 -6.491962658542394e-08 -8.117914374119472e-09 1.377053837017877e-08 -1.3024417507136092e-07 -3.01414634268948e-07 1.9874944146148437e-07 5.604590715492672e-08 -1.6521189288739104e-06 -4.962513371043487e-07 -2.1685077900452554e-06 -2.355646648585685e-06
PC4 7.984877809391459e-07 -5.5076067492373874e-08 9.330283448570329e-07 2.9752771499475627e-08 4.775498278646348e-06 1.0217933268819166e-06 -3.087697355577435e-07 7.822774517039323e-08 -7.692544696633084e-07 1.6071279575008276e-07 1.6439560796445918e-07 -1.4390628793978213e-08 -3.9892527350675476e-07 -1.9692440902771047e-07 -7.170890584538515e-08 -3.216229566898506e-08 7.016406135516903e-08 1.1836412667115678e-07 -1.588083433857513e-07 -1.1687996760025303e-07 1.83268784571016e-08 1.3805786250977394e-06 -8.171751623251583e-08 1.3995310193352e-06 4.856395762303709e-07
PC5 -3.4089601164746634e-07 -2.0154645976206701e-07 -1.432254466572542e-07 5.322454367880975e-07 1.021793326881917e-06 8.859636131018363e-06 1.5273469389794547e-07 7.622033174035805e-07 -4.725570700242412e-07 -1.7516292791779108e-07 -2.3330222381816773e-07 -6.209310640991056e-07 3.278067205912214e-07 -5.309546151278017e-07 2.3939100160922284e-07 -2.0424893313844198e-08 -9.37290809592722e-08 3.961147956771543e-07 -1.2262614024272754e-07 2.9663761892230996e-07 9.574127501450379e-08 4.060736087968118e-07 -7.077929077476166e-07 4.769803625813362e-06 -6.577218243145692e-06
PC6 1.4256563429104717e-07 3.0492371467051745e-08 -5.673306459888867e-08 6.9987740248937915e-09 -3.087697355577435e-07 1.5273469389794563e-07 8.680118128497879e-06 5.9073193357490524e-09 7.825446136093234e-08 1.5213217957582392e-08 2.598049231889226e-08 -1.508747646533043e-07 1.1041559328262155e-07 -2.6213699055179133e-07 -2.931535904019973e-08 3.6575393204754754e-08 -1.409477445393795e-08 2.6823606413120587e-07 -1.0433313012925933e-07 -2.5177679276163054e-08 -2.3645339560131624e-07 1.2916325015137171e-06 -3.6890615835067633e-06 1.5142907924262004e-06 2.707429532763996e-06
PC7 1.6362660672349989e-06 1.403190691890467e-07 -2.0077320966842772e-07 9.720105912593261e-08 7.822774517039315e-08 7.622033174035802e-07 5.9073193357489035e-09 7.120205400424082e-06 4.0812891145621465e-07 -1.4714933471879865e-07 -7.95848550387728e-08 5.667119059103745e-07 1.0283881311426048e-07 2.9415718648428605e-07 -4.0809851696212876e-08 -3.457933708537209e-07 -2.1046843901151466e-09 -2.4288912966421492e-08 5.014717814860247e-08 1.0652747832288279e-08 -1.5721100757241112e-07 2.666563168612901e-07 -8.486313261169261e-07 4.777700463293446e-06 -3.1610754427112203e-06
PC8 8.118161623102077e-07 1.4151121242149363e-07 2.575058707325922e-07 -1.1167490584752153e-07 -7.692544696633087e-07 -4.725570700242413e-07 7.825446136093238e-08 4.081289114562147e-07 7.700659305552248e-06 1.4969555893850298e-07 1.9215655500410583e-07 -2.308763341114333e-07 2.3171373056596876e-07 -8.466215230196857e-09 -5.169689049422093e-08 -1.96157321845809e-07 9.342525588560606e-08 8.730134924890598e-08 -1.444033620628799e-07 -2.2405129201109253e-07 1.631892945984555e-07 -2.1011979430760586e-07 8.797140031453217e-07 -1.293383843822655e-06 1.1914052228637955e-06
PC9 3.26193362378988e-07 -6.924066211185215e-08 5.434577701308002e-09 -4.778289040898475e-07 1.607127957500828e-07 -1.7516292791779087e-07 1.5213217957582402e-08 -1.4714933471879852e-07 1.496955589385029e-07 6.935499667539996e-06 -6.408366607087621e-08 -1.630284105645298e-07 -1.3762726058827956e-07 5.3107100190424485e-09 -2.6089700852636344e-07 1.3959411744510094e-07 2.863794528897389e-07 2.767887750517028e-07 -1.8831308067920936e-07 -1.571338272413442e-07 -2.0738529510356927e-07 -9.683442757597285e-07 1.901358458976977e-07 2.45845556613214e-08 5.482378680806368e-07
PC10 -4.6135769007567645e-07 1.332390627872525e-07 -4.101281532024453e-08 2.0361706406078917e-08 1.6439560796445915e-07 -2.3330222381816778e-07 2.5980492318892294e-08 -7.958485503877259e-08 1.92156555004106e-07 -6.408366607087637e-08 6.578590413863095e-06 -1.791267131809017e-07 2.247776880334489e-07 -3.005203521884757e-07 -4.9616902291828925e-08 -1.218693339165566e-07 -3.384784223871715e-07 1.6503355417097658e-07 1.9892119673259343e-07 2.2106107484360667e-07 -1.575730700881926e-08 1.6765721711745668e-06 -1.7492065065383058e-06 1.223266034059396e-07 -2.1992986934431674e-07
PC11 2.838539458966684e-07 -8.486145043489097e-08 -8.662063816158116e-08 1.7069698662248969e-07 -1.4390628793978382e-08 -6.209310640991056e-07 -1.5087476465330436e-07 5.667119059103744e-07 -2.308763341114332e-07 -1.6302841056452975e-07 -1.791267131809019e-07 6.494544623733769e-06 -1.7116398471935944e-07 4.055872152153573e-08 -2.6900027233277587e-07 1.6788988547902435e-07 1.4946969869978012e-07 1.4887320882405395e-07 -2.444096992260886e-08 2.6767221078602983e-07 2.1152867055866517e-07 3.0349254563573094e-07 -2.0777459023037374e-06 4.095600678542713e-06 -2.4149408980242165e-06
PC12 -3.7824899950828415e-07 3.3259032766078545e-07 -2.058101271291807e-07 9.987037402709819e-08 -3.989252735067546e-07 3.278067205912213e-07 1.1041559328262155e-07 1.0283881311426046e-07 2.3171373056596897e-07 -1.3762726058827948e-07 2.247776880334489e-07 -1.7116398471935944e-07 6.089623983843635e-06 -1.1003742328791872e-08 -6.518716961606901e-08 -1.7395393938462402e-07 2.3544171548515174e-09 -6.754815173855682e-08 -2.6645124664746184e-08 5.9345257165972684e-08 -8.013795869811629e-08 8.11378878320881e-07 -1.9434031135890132e-06 1.8922322811432303e-06 3.968467962409122e-06
PC13 7.093741782607852e-07 -9.556972666783061e-08 2.7587127602526595e-07 -3.9352715795704947e-07 -1.9692440902771044e-07 -5.309546151278019e-07 -2.621369905517912e-07 2.9415718648428616e-07 -8.466215230196899e-09 5.3107100190424196e-09 -3.005203521884757e-07 4.055872152153578e-08 -1.1003742328791978e-08 6.112065185632891e-06 -1.9575978723163413e-07 4.379746509988924e-07 2.3714750905910963e-07 5.591733588350384e-08 -2.883165671194024e-08 -1.0340516604881974e-09 4.692900257117962e-08 -1.3180042701710752e-06 -3.3142702168899666e-06 2.7555540367279774e-06 1.79277567575935e-06
PC14 2.311065590040963e-07 -1.31308061413888e-07 -3.3893718813735445e-07 -6.491962658542377e-08 -7.170890584538523e-08 2.39391001609223e-07 -2.9315359040199704e-08 -4.080985169621296e-08 -5.1696890494220935e-08 -2.6089700852636354e-07 -4.961690229182918e-08 -2.6900027233277587e-07 -6.518716961606902e-08 -1.95759787231634e-07 6.339121121302816e-06 -4.719601279865364e-08 -9.198011676115272e-08 -2.6335383125479097e-08 1.8860145085933547e-07 1.020613861656025e-07 -3.998978476777474e-08 8.458426049685604e-07 -6.595336145539326e-08 1.9549771527952983e-06 -2.144842613600508e-06
PC15 -8.58007729877239e-07 -2.9996516257320427e-07 2.839972516014183e-07 -8.11791437411949e-09 -3.2162295668985125e-08 -2.0424893313844333e-08 3.657539320475483e-08 -3.457933708537209e-07 -1.9615732184580912e-07 1.3959411744510086e-07 -1.2186933391655644e-07 1.678898854790246e-07 -1.7395393938462402e-07 4.3797465099889254e-07 -4.719601279865364e-08 6.091198398283516e-06 2.0478359565643717e-07 -2.124082433025576e-07 -4.446253592886691e-08 3.757452649091145e-08 6.325514700631403e-08 1.3042915911482685e-06 6.263496058188164e-07 -2.3021109072623746e-06 -1.0697622000711285e-07
PC16 -3.4816974759181266e-07 -2.2635632878631457e-07 -1.1141671939840314e-07 1.377053837017884e-08 7.016406135516898e-08 -9.372908095927236e-08 -1.4094774453937932e-08 -2.104684390115137e-09 9.342525588560606e-08 2.863794528897389e-07 -3.3847842238717145e-07 1.494696986997801e-07 2.3544171548515985e-09 2.371475090591095e-07 -9.198011676115269e-08 2.0478359565643704e-07 6.05832473993081e-06 5.0429077898545576e-08 -2.2725350477099586e-07 -2.4211152237426183e-07 -1.0970164510261217e-07 -1.066784333851214e-07 -2.6921686985141253e-06 1.8169766693746868e-06 2.802205703547699e-06
PC17 -4.698895653663762e-07 -2.7381339496539882e-09 6.358036622892065e-07 -1.302441750713608e-07 1.1836412667115675e-07 3.961147956771544e-07 2.682360641312058e-07 -2.4288912966421445e-08 8.730134924890608e-08 2.767887750517027e-07 1.6503355417097653e-07 1.488732088240539e-07 -6.754815173855678e-08 5.5917335883503706e-08 -2.6335383125479097e-08 -2.1240824330255756e-07 5.0429077898545636e-08 5.8130204223827325e-06 1.7755290768688057e-07 -1.368814904619716e-07 8.465508610472545e-09 3.9196017710348935e-07 3.3716418145812567e-07 -1.1448616476374517e-06 5.373732779114496e-07
PC18 5.822424017811167e-07 -2.8165640387267556e-08 6.104054408083502e-08 -3.0141463426894786e-07 -1.5880834338575133e-07 -1.2262614024272752e-07 -1.0433313012925938e-07 5.014717814860246e-08 -1.4440336206288006e-07 -1.883130806792095e-07 1.9892119673259327e-07 -2.4440969922608863e-08 -2.6645124664746227e-08 -2.8831656711940032e-08 1.8860145085933539e-07 -4.446253592886693e-08 -2.2725350477099586e-07 1.7755290768688044e-07 5.651017997592301e-06 -9.571420318154257e-08 3.812392021508337e-08 3.926206089874805e-07 2.8672870466235677e-06 -1.5060358562821862e-06 -5.0085297927346826e-06
PC19 1.0576345452101083e-06 8.920887814877765e-08 -2.666146371169811e-07 1.9874944146148434e-07 -1.1687996760025314e-07 2.9663761892231007e-07 -2.5177679276162998e-08 1.0652747832288178e-08 -2.2405129201109243e-07 -1.571338272413441e-07 2.2106107484360654e-07 2.676722107860299e-07 5.9345257165972445e-08 -1.0340516604881494e-09 1.0206138616560245e-07 3.757452649091152e-08 -2.421115223742619e-07 -1.3688149046197174e-07 -9.571420318154261e-08 5.840398534794158e-06 1.7872059980790204e-07 -3.892583160702514e-07 -3.4510205685247942e-06 5.068008123161019e-06 1.4243182356273347e-06
PC20 3.993740038770977e-07 2.45401655837602e-08 1.0423388259497423e-07 5.6045907154926685e-08 1.8326878457101476e-08 9.57412750145038e-08 -2.3645339560131643e-07 -1.5721100757241117e-07 1.6318929459845535e-07 -2.0738529510356924e-07 -1.5757307008819296e-08 2.1152867055866517e-07 -8.013795869811616e-08 4.692900257117955e-08 -3.998978476777471e-08 6.325514700631408e-08 -1.0970164510261213e-07 8.465508610472596e-09 3.812392021508338e-08 1.787205998079021e-07 5.361662570537558e-06 6.558930457344821e-07 -1.2954579432477854e-06 -1.1801252166149564e-06 4.004532281947295e-06
proband 4.023906744020306e-06 2.2388786431638704e-06 -8.215742606433222e-07 -1.6521189288739087e-06 1.3805786250977409e-06 4.060736087968123e-07 1.2916325015137165e-06 2.6665631686128926e-07 -2.1011979430760414e-07 -9.68344275759728e-07 1.6765721711745673e-06 3.0349254563573004e-07 8.11378878320883e-07 -1.3180042701710769e-06 8.458426049685612e-07 1.3042915911482683e-06 -1.0667843338512314e-07 3.9196017710349015e-07 3.9262060898748045e-07 -3.8925831607025144e-07 6.558930457344822e-07 0.0003600450885340311 -0.00018459507868375958 2.73755187286364e-05 -1.1322474416121675e-05
maternal 2.6870339220345317e-05 -2.5970781136289696e-06 -5.465712041664167e-07 -4.962513371043608e-07 -8.171751623252028e-08 -7.077929077476245e-07 -3.6890615835067684e-06 -8.486313261169243e-07 8.79714003145316e-07 1.9013584589769465e-07 -1.7492065065383085e-06 -2.0777459023037353e-06 -1.9434031135890107e-06 -3.314270216889958e-06 -6.595336145539659e-08 6.263496058188077e-07 -2.6921686985141253e-06 3.371641814581224e-07 2.8672870466235703e-06 -3.4510205685247947e-06 -1.2954579432477884e-06 -0.00018459507868375988 0.001481985484610243 -0.001235649577804868 -0.0007824212653284882
gpm -7.980497459614096e-05 5.44826422043004e-06 6.880066556636466e-06 -2.16850779004525e-06 1.3995310193352091e-06 4.769803625813367e-06 1.514290792426212e-06 4.777700463293444e-06 -1.2933838438226497e-06 2.4584555661319473e-08 1.223266034059423e-07 4.095600678542711e-06 1.892232281143233e-06 2.7555540367279774e-06 1.954977152795302e-06 -2.302110907262364e-06 1.816976669374687e-06 -1.1448616476374502e-06 -1.5060358562821906e-06 5.06800812316102e-06 -1.180125216614952e-06 2.7375518728637076e-05 -0.0012356495778048698 0.0031657240530969613 -0.000802698328530439
gmm 2.7819507869342358e-05 2.489098174503364e-06 -8.979715274604474e-07 -2.355646648585676e-06 4.856395762303674e-07 -6.5772182431456826e-06 2.7074295327639963e-06 -3.1610754427112186e-06 1.191405222863798e-06 5.482378680806433e-07 -2.1992986934431422e-07 -2.414940898024217e-06 3.9684679624091125e-06 1.7927756757593421e-06 -2.1448426136005062e-06 -1.0697622000710943e-07 2.8022057035477017e-06 5.373732779114521e-07 -5.008529792734682e-06 1.4243182356273353e-06 4.004532281947295e-06 -1.1322474416121755e-05 -0.0007824212653284874 -0.0008026983285304399 0.002407989523551558
