Estimate Std. Error z value Pr(>|z|)
(Intercept) -4.49048882662434 0.176465339403011 -25.4468602265795 7.64765069792975e-143
covarage -1.12290168179079 0.137649407494712 -8.1576935362684 3.41482624836246e-16
covarsex -0.229556960889813 0.184351009358668 -1.24521672915386 0.213052094848524
covarage_sex -0.475725355828068 0.371007453382714 -1.28225282670354 0.199753970263191
covarPC_3 -0.127912318106637 0.0600487678152649 -2.13014059672547 0.0331600075715214
covarPC_4 -0.0558678696146435 0.0573629146218337 -0.973937080829202 0.330087780875457
proband 0.13617526275152 0.0803520889442906 1.69473207903695 0.0901262573140646
paternal 0.00984280741900218 0.144787877598059 0.0679808805977974 0.945800854142682
maternal 0.100881262085436 0.136335883292687 0.73994651774004 0.459332446860832
gpp 0.321215943197214 0.231261930269924 1.38897025905776 0.164841793974652
gpm -0.184437565860517 0.219602758394794 -0.839869076366255 0.400981797818177
gmp 0.0911591672681746 0.182641794358027 0.499114496704287 0.617698725435191
gmm -0.137780824702428 0.178106466345569 -0.77358687491503 0.43917513619769
