Estimate Std. Error z value Pr(>|z|)
(Intercept) -4.2213226280012 0.232740584059729 -18.137458256605 1.61321335294756e-73
covarage 0.177887553599699 0.266061688147706 0.66859514738155 0.503753768907536
covarsex -0.530040093223492 0.403067223358965 -1.31501660890805 0.188504320603046
covarage_sex 0.427647520296395 0.628956691259359 0.679931585496161 0.496547781008165
covarPC_3 -0.125603309462837 0.122921905620183 -1.02181388117216 0.306868998167104
covarPC_4 0.34825417070939 0.11580221563058 3.00731871849804 0.00263563270522305
proband 0.0369628794078616 0.17309129412308 0.213545571977632 0.830901447452961
paternal -0.0357261556576475 0.312408356009368 -0.114357234595147 0.908954613381949
maternal 0.504422398041988 0.298306675875584 1.69095242860863 0.0908458886984603
gpp 0.257516454472052 0.61370607267093 0.419608776806309 0.67477127562944
gpm -0.106499755759154 0.561801573859628 -0.189568275908326 0.849647448549456
gmp 0.700079569868001 0.413984071725166 1.69107851650091 0.0908218077452236
gmm -0.765363833408115 0.397136617021189 -1.92720540137773 0.0539540371050599
