 intercept PC1 PC2 PC3 PC4 PC5 PC6 PC7 PC8 PC9 PC10 PC11 PC12 PC13 PC14 PC15 PC16 PC17 PC18 PC19 PC20 proband paternal maternal gpp gpm gmp gmm
intercept 0.000632762456800076 -2.6891957984822865e-07 -2.496242787656367e-05 1.4898394930185743e-06 -3.466459144142112e-07 1.1570515349228422e-06 2.7291878882657004e-06 1.731529422541205e-06 1.86131080540034e-08 2.525654367130567e-06 -1.0992326444660878e-06 7.435888256607844e-07 -7.711610304763048e-07 -1.378982368973404e-06 -2.0059516994482763e-06 -2.087414422207144e-06 4.269246292555228e-07 -2.143911037199887e-06 -8.984225475538501e-07 1.6476593565105068e-06 -9.606292268081976e-07 1.3249133929372297e-05 1.3173199811647741e-05 -1.8457736318203986e-05 -9.111202925434213e-05 3.315080634711951e-05 -8.45218579334845e-05 0.00010063872229186623
PC1 -2.689195798482291e-07 2.3190257261609766e-06 -1.6145772577675359e-06 -2.024226744563046e-07 -1.1994452099922225e-07 -4.108789437888407e-07 8.443156300668616e-08 1.175179626105674e-07 8.531142387742289e-08 8.149727730222487e-08 1.5795215320397902e-07 -2.9065825537852896e-08 5.8262495248926e-07 -1.948734769274028e-08 -3.045233548974436e-07 -6.971505913536054e-07 -6.776702222151929e-07 2.6831476740689184e-07 -2.762266031287622e-08 1.4560667008133929e-07 7.509869398808876e-08 3.4844958683903463e-07 5.172245827071805e-06 4.667464358588571e-06 3.413392329787052e-06 3.817266975714264e-06 1.4529047596865525e-06 5.923653322052736e-07
PC2 -2.496242787656367e-05 -1.614577257767536e-06 4.807912629953916e-05 9.043936591992739e-07 1.522410750583638e-06 -5.616611111779262e-07 -5.47030936580993e-07 -6.963804119124395e-07 1.0549418395991165e-06 -3.101971562925642e-07 1.750713160939121e-08 -1.1685961194827242e-07 -1.1322062672823679e-06 8.417666720332484e-07 -9.96221191857135e-07 3.7101837703303058e-09 2.2411091630477934e-07 6.299000020046634e-07 2.0456214713653036e-07 -6.262266163338218e-07 -4.2871434160556085e-07 -6.546490766733232e-06 4.299274704994171e-06 1.5265012045868535e-05 1.0425103450512633e-05 -2.3621968875704034e-05 6.818361081858505e-06 -1.5209014614018213e-05
PC3 1.489839493018575e-06 -2.0242267445630427e-07 9.043936591992736e-07 4.3513138988255416e-06 1.4729675198437256e-07 1.1488892476709945e-06 4.595925422929908e-08 5.462862970853756e-07 -1.9852828649948844e-07 -9.522897146959187e-07 -1.2104070972334928e-07 3.862386322216241e-07 3.1779927840827283e-08 -7.178734423963303e-07 6.949141768649543e-08 -1.315154881636591e-08 2.553803561090544e-07 -4.6114186265036306e-07 -5.591319516299195e-07 4.3388833476527777e-07 1.1847529907535691e-07 3.747278562516355e-07 4.4418919334610985e-06 3.622630929519869e-06 -1.191066436108738e-05 8.227005842383075e-06 2.8496221906597243e-06 1.7330327438330788e-06
PC4 -3.4664591441420975e-07 -1.1994452099922212e-07 1.5224107505836365e-06 1.4729675198437253e-07 8.157323686977044e-06 1.7411143205916271e-06 -3.9799309919410956e-07 2.243521461145248e-07 -1.3262299383290266e-06 4.2126785797032777e-07 3.3716875140226803e-07 2.9437608306702143e-07 -9.904608184851062e-07 -6.807165687801495e-07 4.244463653960954e-08 -7.791844108378753e-08 5.4004866052284316e-08 4.638250201382942e-08 -5.012135427508562e-07 -1.6643488011151e-07 9.187853927675533e-08 -1.7411951802570832e-06 4.924383515203145e-06 7.411384700053188e-07 9.819941972909985e-07 -8.035519229392814e-06 6.166495590798385e-06 -1.1848459919506263e-05
PC5 1.1570515349228442e-06 -4.1087894378884063e-07 -5.616611111779267e-07 1.148889247670994e-06 1.7411143205916267e-06 1.6023188842563534e-05 3.8219932207223137e-07 1.116421326084707e-06 -9.340662292362061e-07 -6.308950297542576e-07 -4.989408140267033e-07 -9.60181691032572e-07 5.285091212741738e-07 -1.4386478478652347e-06 5.396661012796521e-07 9.007858830779396e-08 1.1398059121321618e-09 7.609417961511291e-07 -1.7602220379295726e-07 3.115356368591565e-07 -1.1454112478536332e-07 -1.8632425940983186e-06 -4.823054558799048e-06 1.9849545445592005e-06 -8.676936154309974e-07 -1.4480488586321703e-06 -1.0397509860267342e-05 5.882542963997422e-07
PC6 2.729187888265701e-06 8.443156300668628e-08 -5.470309365809929e-07 4.5959254229299194e-08 -3.979930991941099e-07 3.821993220722312e-07 1.5196636392404784e-05 -7.455859735649627e-08 2.9672944295480955e-07 2.5265246560470044e-07 5.859443058298525e-08 -3.431186371973795e-07 -1.1395709231300919e-07 -1.8320244305023802e-07 -2.610513935440963e-07 -1.394419327307182e-07 -9.890735035219861e-08 2.8800146169819347e-07 -4.287239467013007e-07 -2.2839660080371315e-07 -4.904435323881397e-07 4.570426642500804e-07 -1.5979821105647966e-06 8.988676014203362e-07 -1.0782315795201612e-06 6.0891389993743144e-06 -6.596444954742458e-06 -1.0795936501090568e-06
PC7 1.7315294225412052e-06 1.1751796261056754e-07 -6.963804119124402e-07 5.46286297085375e-07 2.2435214611452467e-07 1.1164213260847068e-06 -7.455859735649591e-08 1.3002018415515862e-05 1.0293367685897746e-06 -1.9924631283325818e-07 -1.2998563886904534e-07 1.3544432969446978e-06 4.217068060956858e-07 2.873344025741207e-07 -4.793704720593574e-07 -4.950947452038482e-07 7.997379063219431e-08 -5.050616590403004e-07 6.655257379408123e-08 7.061659119435683e-08 -4.77960081830069e-07 -1.1014423669657678e-06 -3.7133982234858614e-06 6.554842579864019e-06 -3.030648806211047e-08 1.148543106963769e-05 -1.0608992293627852e-05 -8.633716535808931e-07
PC8 1.861310805399989e-08 8.531142387742273e-08 1.0549418395991162e-06 -1.9852828649948873e-07 -1.326229938329026e-06 -9.34066229236206e-07 2.967294429548094e-07 1.0293367685897734e-06 1.4592336439355577e-05 4.4426346087261703e-07 4.2884820384530026e-07 -8.549356525143718e-07 2.449247766135527e-07 -9.881978815522343e-08 -5.533972857519581e-07 -4.798402332459955e-07 3.0998506049560084e-07 1.7957083949763e-07 -8.561360718457697e-07 -2.2864305266885628e-07 1.7916689102990916e-07 5.8674902313415163e-08 4.876059664981083e-06 -1.9232515829818202e-06 -2.191520815859478e-06 4.553882029429005e-06 -5.707227445795147e-06 1.1804053584133715e-06
PC9 2.5256543671305654e-06 8.149727730222489e-08 -3.101971562925639e-07 -9.522897146959186e-07 4.212678579703279e-07 -6.30895029754257e-07 2.5265246560470066e-07 -1.992463128332583e-07 4.4426346087261714e-07 1.2393786850332959e-05 -2.1478888317176653e-07 -6.554048523836614e-08 -4.867879261825456e-07 1.432911127969166e-07 -9.035104278563509e-07 3.970351291514114e-07 3.215271238040393e-07 5.301638052678428e-07 -5.245542153111788e-07 -2.4013306238154293e-07 -7.369339988950721e-07 -2.0167102770557094e-06 6.2865684546851745e-06 8.394072231876877e-06 2.1738661926393356e-06 -2.509553122071346e-06 -1.4177694592175086e-05 2.860766214767575e-06
PC10 -1.0992326444660858e-06 1.5795215320397878e-07 1.7507131609391205e-08 -1.210407097233493e-07 3.37168751402268e-07 -4.989408140267031e-07 5.859443058298526e-08 -1.2998563886904558e-07 4.288482038453003e-07 -2.1478888317176643e-07 1.2705424922289234e-05 -4.938770326893612e-07 -5.377694232405814e-09 -3.0263690252342893e-07 -6.708136137427104e-08 1.8932609365555387e-07 -3.6170888992595447e-07 1.154223023127156e-07 1.9311329345283085e-07 4.733064516786464e-07 1.59621458597043e-07 3.564296490126728e-07 -1.1468220933420024e-06 2.3530739913062547e-06 1.0801387096970503e-05 -8.910289828451279e-06 -5.094299737499586e-06 1.5656784405040168e-06
PC11 7.435888256607839e-07 -2.9065825537852625e-08 -1.1685961194827283e-07 3.8623863222162417e-07 2.943760830670218e-07 -9.601816910325715e-07 -3.431186371973792e-07 1.3544432969446986e-06 -8.549356525143716e-07 -6.554048523836594e-08 -4.938770326893611e-07 1.2251848474695681e-05 1.7216365219389217e-08 -2.3640834756114167e-07 -5.235927694108152e-07 4.498307664916549e-07 2.601682835238958e-07 4.5198978659578236e-07 -1.1715847805265903e-08 6.457945809916158e-07 1.9072282079559215e-07 2.2505521042858787e-06 -9.817045192582872e-06 -4.756832332739191e-06 1.2417118835374876e-05 2.8769875662046615e-06 1.8791000848313627e-06 -3.7784066507515667e-06
PC12 -7.711610304763045e-07 5.826249524892606e-07 -1.1322062672823679e-06 3.1779927840827264e-08 -9.904608184851064e-07 5.285091212741737e-07 -1.1395709231300903e-07 4.217068060956858e-07 2.449247766135531e-07 -4.867879261825455e-07 -5.377694232405855e-09 1.7216365219389025e-08 1.115388032801582e-05 8.916481013103592e-08 3.572907339207899e-08 -4.075199949244088e-07 2.861928378324697e-07 -1.5892536997568364e-07 -1.220325013432792e-07 -2.005562718273109e-07 -6.321658096894402e-07 5.284012187919914e-07 -6.91447830822259e-06 3.8736956336865675e-07 6.0887437252077974e-06 1.4354452335808663e-06 1.6759911337939859e-06 -4.426043167507196e-06
PC13 -1.3789823689734046e-06 -1.948734769274036e-08 8.417666720332491e-07 -7.178734423963302e-07 -6.807165687801492e-07 -1.4386478478652347e-06 -1.83202443050238e-07 2.873344025741205e-07 -9.881978815522337e-08 1.4329111279691651e-07 -3.026369025234291e-07 -2.364083475611417e-07 8.916481013103593e-08 1.1604776885697972e-05 -6.672191610534556e-07 1.0262028120031635e-06 2.3059056709317325e-07 1.917021788498698e-07 -2.046832150906616e-07 2.0506874912186618e-08 1.9315320590065517e-07 1.2126662661520747e-06 1.1026112783712305e-06 -1.2069300419119337e-06 4.501418438920989e-06 3.105700564665807e-06 7.291345899618889e-07 7.045724086945188e-06
PC14 -2.005951699448275e-06 -3.0452335489744366e-07 -9.962211918571344e-07 6.949141768649564e-08 4.244463653960947e-08 5.396661012796523e-07 -2.6105139354409643e-07 -4.79370472059357e-07 -5.533972857519582e-07 -9.035104278563513e-07 -6.708136137427105e-08 -5.235927694108152e-07 3.5729073392078954e-08 -6.672191610534558e-07 1.205995974450903e-05 -2.0381640142106162e-07 1.2997814561108723e-07 -5.096972778274824e-08 1.8027008562313983e-07 -1.1607784960615029e-07 8.544346349305045e-09 -9.802220679632715e-07 3.2196475303246433e-07 2.971449036343286e-07 4.2161133078137685e-06 -8.351145964034837e-06 7.396844465457239e-06 -4.812059869938245e-06
PC15 -2.087414422207142e-06 -6.971505913536055e-07 3.710183770331308e-09 -1.3151548816365596e-08 -7.791844108378733e-08 9.007858830779429e-08 -1.3944193273071823e-07 -4.95094745203848e-07 -4.798402332459957e-07 3.970351291514116e-07 1.8932609365555409e-07 4.498307664916548e-07 -4.075199949244088e-07 1.0262028120031635e-06 -2.038164014210616e-07 1.1450770052478258e-05 4.770676508453065e-07 -7.547912426114424e-07 -1.7449879064592362e-07 -1.9328529700622214e-07 4.7050544617797465e-08 4.904400408051681e-06 -1.0599529563220184e-05 -8.15735840450186e-07 3.715752217236777e-06 1.124437163400376e-05 1.8570491755431382e-06 -2.1086799646878856e-06
PC16 4.269246292555262e-07 -6.776702222151923e-07 2.2411091630477897e-07 2.553803561090543e-07 5.400486605228423e-08 1.1398059121319439e-09 -9.890735035219865e-08 7.99737906321945e-08 3.0998506049560084e-07 3.215271238040394e-07 -3.6170888992595426e-07 2.6016828352389607e-07 2.861928378324706e-07 2.3059056709317343e-07 1.2997814561108676e-07 4.770676508453066e-07 1.1722316969839336e-05 -5.590230611711538e-07 4.480099037402878e-08 -6.322357950271648e-07 -2.0593116011682502e-07 3.183683731327672e-07 -8.217421110854359e-06 5.283532436733424e-06 4.426354034566449e-06 1.2311093768139712e-06 -2.5061463847928113e-07 -4.40661101170843e-06
PC17 -2.1439110371998905e-06 2.683147674068917e-07 6.299000020046643e-07 -4.611418626503631e-07 4.6382502013829294e-08 7.609417961511281e-07 2.880014616981932e-07 -5.050616590403007e-07 1.7957083949763007e-07 5.301638052678425e-07 1.1542230231271556e-07 4.5198978659578225e-07 -1.589253699756838e-07 1.9170217884986994e-07 -5.096972778274833e-08 -7.547912426114423e-07 -5.590230611711539e-07 1.0578141310418117e-05 3.2477521862058265e-07 -1.4116116944196398e-07 1.4572765055193797e-07 -6.041767944662331e-06 6.104300578761405e-06 -3.69258259112197e-06 1.5565292848165114e-06 3.7724557963366103e-07 6.33224297500426e-07 2.9377813135274003e-06
PC18 -8.984225475538497e-07 -2.7622660312876212e-08 2.045621471365298e-07 -5.591319516299199e-07 -5.012135427508561e-07 -1.7602220379295776e-07 -4.2872394670130073e-07 6.65525737940813e-08 -8.561360718457698e-07 -5.245542153111785e-07 1.931132934528312e-07 -1.171584780526567e-08 -1.2203250134327927e-07 -2.0468321509066185e-07 1.8027008562313946e-07 -1.744987906459236e-07 4.480099037402834e-08 3.2477521862058276e-07 1.0515642875312973e-05 -1.9592580821910495e-07 -4.849008673317389e-09 -2.5296660684533653e-06 -2.123124400934944e-06 1.7898259625554183e-06 -4.938711574985166e-06 1.580240285160719e-06 4.905098630666357e-06 -5.719742482530786e-06
PC19 1.6476593565105037e-06 1.4560667008133929e-07 -6.262266163338214e-07 4.3388833476527793e-07 -1.6643488011150973e-07 3.1153563685915663e-07 -2.2839660080371315e-07 7.061659119435694e-08 -2.286430526688564e-07 -2.4013306238154304e-07 4.733064516786462e-07 6.457945809916157e-07 -2.0055627182731115e-07 2.050687491218658e-08 -1.1607784960615021e-07 -1.932852970062221e-07 -6.322357950271649e-07 -1.4116116944196417e-07 -1.959258082191049e-07 1.0742903129845658e-05 6.644906720485447e-07 2.400121286482076e-07 2.5491994056967455e-06 -3.2366615649924636e-06 -4.395658599151695e-06 -3.297004240913555e-06 -4.258848084060893e-06 7.972523018566854e-06
PC20 -9.606292268081979e-07 7.509869398808851e-08 -4.287143416055606e-07 1.184752990753569e-07 9.18785392767554e-08 -1.1454112478536345e-07 -4.90443532388139e-07 -4.779600818300688e-07 1.7916689102990967e-07 -7.36933998895072e-07 1.5962145859704318e-07 1.907228207955923e-07 -6.321658096894407e-07 1.9315320590065496e-07 8.544346349305015e-09 4.7050544617797584e-08 -2.059311601168248e-07 1.4572765055193789e-07 -4.8490086733174484e-09 6.644906720485442e-07 9.924847965878802e-06 -2.793584046098149e-06 2.523704804263995e-06 -4.281149327078145e-06 6.214776172687252e-06 1.0616103505977264e-06 -2.693051956879719e-06 9.738848708568179e-06
proband 1.3249133929372305e-05 3.4844958683905147e-07 -6.546490766733236e-06 3.7472785625163954e-07 -1.741195180257082e-06 -1.863242594098322e-06 4.5704266425007737e-07 -1.1014423669657754e-06 5.8674902313416824e-08 -2.0167102770557026e-06 3.5642964901267423e-07 2.2505521042858702e-06 5.284012187920045e-07 1.2126662661520779e-06 -9.802220679632688e-07 4.904400408051676e-06 3.1836837313276356e-07 -6.041767944662334e-06 -2.5296660684533683e-06 2.4001212864820846e-07 -2.7935840460981476e-06 0.001030805580882748 -0.0005596041618525961 -0.0005066604580225221 2.5672896889995768e-05 5.978554333138802e-05 -5.8756549037593565e-06 -1.3626485685750855e-05
paternal 1.3173199811647689e-05 5.172245827071786e-06 4.2992747049941865e-06 4.441891933461085e-06 4.924383515203148e-06 -4.82305455879904e-06 -1.5979821105648015e-06 -3.7133982234858567e-06 4.8760596649810725e-06 6.286568454685179e-06 -1.1468220933420012e-06 -9.817045192582869e-06 -6.914478308222607e-06 1.102611278371227e-06 3.219647530324681e-07 -1.0599529563220188e-05 -8.217421110854359e-06 6.104300578761412e-06 -2.1231244009349372e-06 2.5491994056967493e-06 2.5237048042640004e-06 -0.0005596041618525971 0.0018405145552308861 0.0003996914445632197 -0.0012093315490992252 -0.0009859719850375333 8.281754096277771e-05 -8.27503532195604e-05
maternal -1.845773631820391e-05 4.667464358588558e-06 1.5265012045868538e-05 3.622630929519865e-06 7.411384700053137e-07 1.9849545445592017e-06 8.988676014203465e-07 6.554842579864029e-06 -1.9232515829818253e-06 8.394072231876873e-06 2.3530739913062674e-06 -4.7568323327391945e-06 3.8736956336864013e-07 -1.2069300419119375e-06 2.971449036343137e-07 -8.157358404501919e-07 5.2835324367334185e-06 -3.692582591121967e-06 1.7898259625554234e-06 -3.236661564992459e-06 -4.281149327078142e-06 -0.0005066604580225226 0.00039969144456321944 0.0017065348968034522 8.451159811831111e-05 -0.00022386862883554451 -0.0010932306021691322 -0.0009450529944360967
gpp -9.111202925434206e-05 3.4133923297870573e-06 1.0425103450512624e-05 -1.1910664361087373e-05 9.819941972909873e-07 -8.676936154310058e-07 -1.0782315795201496e-06 -3.030648806209876e-08 -2.191520815859473e-06 2.173866192639324e-06 1.0801387096970503e-05 1.2417118835374878e-05 6.088743725207803e-06 4.501418438921002e-06 4.216113307813759e-06 3.7157522172367926e-06 4.426354034566456e-06 1.5565292848165018e-06 -4.938711574985164e-06 -4.3956585991517014e-06 6.2147761726872425e-06 2.5672896889996253e-05 -0.001209331549099226 8.451159811831092e-05 0.004076361371230121 -0.0009126115327946799 -0.0007161416081053781 -0.00016202139530792673
gpm 3.315080634711954e-05 3.817266975714279e-06 -2.3621968875704048e-05 8.227005842383082e-06 -8.035519229392814e-06 -1.4480488586321804e-06 6.089138999374315e-06 1.1485431069637677e-05 4.553882029429015e-06 -2.5095531220713507e-06 -8.910289828451277e-06 2.8769875662046615e-06 1.4354452335808701e-06 3.1057005646657985e-06 -8.351145964034838e-06 1.1244371634003757e-05 1.231109376813965e-06 3.7724557963365547e-07 1.5802402851607095e-06 -3.2970042409135543e-06 1.0616103505977226e-06 5.978554333138935e-05 -0.0009859719850375333 -0.0002238686288355454 -0.000912611532794681 0.0030037643472755654 -4.38233542488869e-05 0.00030461993892412574
gmp -8.452185793348466e-05 1.4529047596865675e-06 6.818361081858524e-06 2.84962219065973e-06 6.16649559079839e-06 -1.0397509860267339e-05 -6.596444954742477e-06 -1.0608992293627853e-05 -5.70722744579515e-06 -1.4177694592175075e-05 -5.094299737499595e-06 1.8791000848313643e-06 1.6759911337940037e-06 7.291345899618903e-07 7.396844465457249e-06 1.8570491755431405e-06 -2.5061463847928405e-07 6.332242975004271e-07 4.905098630666352e-06 -4.258848084060895e-06 -2.6930519568797203e-06 -5.875654903759671e-06 8.281754096277789e-05 -0.0010932306021691307 -0.0007161416081053778 -4.3823354248887295e-05 0.00368197796638861 -0.0007445795733118666
gmm 0.00010063872229186626 5.923653322052653e-07 -1.520901461401823e-05 1.7330327438330775e-06 -1.184845991950626e-05 5.882542963997399e-07 -1.07959365010906e-06 -8.633716535808966e-07 1.1804053584133778e-06 2.86076621476757e-06 1.5656784405040028e-06 -3.7784066507515565e-06 -4.4260431675072025e-06 7.045724086945193e-06 -4.812059869938228e-06 -2.1086799646878776e-06 -4.406611011708418e-06 2.937781313527395e-06 -5.719742482530786e-06 7.972523018566849e-06 9.738848708568174e-06 -1.3626485685750117e-05 -8.275035321956058e-05 -0.0009450529944360981 -0.00016202139530792703 0.0003046199389241254 -0.0007445795733118644 0.003098837378965357
