 intercept PC1 PC2 PC3 PC4 PC5 PC6 PC7 PC8 PC9 PC10 PC11 PC12 PC13 PC14 PC15 PC16 PC17 PC18 PC19 PC20 proband paternal maternal gpp gpm gmp gmm
intercept 0.0010055961269900067 -2.689924897421468e-06 -5.4248410783211726e-05 3.082962403260016e-06 -9.994642245250278e-07 1.7299959137396187e-07 8.631897284030255e-06 1.7601837910572021e-06 2.9714287879773854e-06 4.210396105859102e-06 -6.363025605521408e-07 3.204217527462251e-06 -8.007075748992656e-07 -4.552880083438148e-06 -4.351957349403725e-06 -2.2848962504345442e-07 6.846785371277025e-06 -2.4334061828198784e-06 -4.0042161251078284e-07 2.4935945283200584e-06 -4.151950035255473e-06 1.9600817810346467e-05 5.5515256610977245e-05 -1.8053692609100245e-05 -0.00023504697308422326 0.0001136884860359165 -0.00010016623927363615 0.0001766237125533823
PC1 -2.6899248974211836e-06 3.910812707678869e-06 -3.066844105597444e-06 -1.657688417485831e-07 -3.474219900498496e-07 -8.804351781184651e-07 2.5721686893308307e-07 -1.8169539832119357e-07 6.531428080453632e-08 3.299623354820381e-07 3.006518790570684e-07 -3.1558379057764874e-07 1.129078430093776e-06 -1.219891977945484e-07 -3.55538295388268e-07 -1.3305722463938722e-06 -1.3461777565864724e-06 5.93896766761828e-07 -1.633175287981613e-07 4.6881737941325896e-07 3.3960956072577033e-07 9.829944838814508e-07 1.0108673862019279e-05 4.405364245460822e-06 9.93079356581552e-07 6.999322135137382e-06 5.947777104362629e-06 4.3818170637402393e-07
PC2 -5.424841078321187e-05 -3.066844105597434e-06 9.153987497451379e-05 1.7664606328397225e-06 2.7587060585635947e-06 -1.4319919479051054e-06 -1.2742423261042076e-07 -1.6360789061375774e-06 1.4707551810170837e-06 -4.543539274858765e-07 3.47748746838903e-08 7.966289799257972e-07 -2.659514664526969e-06 2.309572710082606e-06 -5.042149047792326e-07 -4.156278916439037e-08 -8.987410873528749e-07 1.7260497412959228e-06 7.771571749862617e-07 -8.131909875005588e-07 -1.7275135499130849e-06 -2.266016981168362e-05 -7.512688607926333e-07 2.626999135186134e-05 3.100085566332845e-05 -4.166219856808346e-05 9.37795818638232e-06 -1.0050966548387212e-05
PC3 3.082962403260004e-06 -1.657688417485833e-07 1.7664606328397246e-06 8.060931983680982e-06 1.1801923644018247e-07 2.6454981653094253e-06 1.964883937562932e-08 1.6133874487676046e-06 -8.227342591114566e-09 -1.4264131913277102e-06 -3.314797032965423e-07 4.504359558742661e-07 1.3147317227337649e-07 -1.6985036862880784e-06 -5.800483646987296e-07 -3.389779558762299e-07 9.975076279691156e-07 -1.3276957735906122e-06 -1.1113382784698856e-06 9.019975134971527e-07 3.8489622069637677e-07 2.292920808127584e-06 5.257358656574087e-06 4.665762760411606e-06 -2.3822160105933065e-05 2.0583640187014903e-05 4.144991278339721e-06 2.1896597896881847e-06
PC4 -9.99464224525054e-07 -3.4742199004984883e-07 2.7587060585635976e-06 1.1801923644018234e-07 1.2906992158474072e-05 3.263949041216392e-06 -5.041205977597306e-07 4.485119934066472e-07 -2.9344545147843165e-06 1.0002265160398646e-06 5.467275271695551e-07 1.1944072785524212e-06 -2.161407016607593e-06 -1.0549834365370268e-06 7.704817777083328e-08 5.013980257361689e-07 -1.8728647069577204e-07 5.027457108033967e-07 -5.474388845679819e-07 -5.86905137940559e-07 -1.316162841864555e-07 -5.506898796552635e-06 1.1190747611344376e-05 5.354035429657183e-06 2.524730930551768e-06 -2.025405611612082e-05 1.562864657358099e-05 -2.3494657866477842e-05
PC5 1.7299959137392833e-07 -8.804351781184645e-07 -1.4319919479051023e-06 2.6454981653094253e-06 3.263949041216393e-06 2.9659835177918196e-05 1.5578454867523236e-06 4.2768755782184055e-06 -1.0338957452175298e-06 -1.4076889862729159e-06 -3.5082301087796683e-07 -1.2635682431793573e-06 4.0783786201943433e-07 -2.7981387366686417e-06 1.547989337018722e-07 7.093006992340201e-07 -1.4698406936675968e-07 1.123862871889721e-06 -2.7633003963472056e-07 8.632677792302734e-08 -2.393237219292248e-07 -5.128873819821668e-06 -7.116363229297957e-06 1.465515880898936e-06 -1.70782403770511e-06 -4.328812660324611e-06 -1.732577518374944e-05 -4.030087636524312e-06
PC6 8.631897284030233e-06 2.5721686893308344e-07 -1.2742423261042023e-07 1.9648839375628858e-08 -5.041205977597307e-07 1.5578454867523238e-06 2.7311557668585772e-05 -3.4320269215976765e-07 -5.408950807191174e-07 6.404059444223869e-07 -1.9295772471122337e-07 1.576832413436321e-07 -8.222885681023723e-07 -5.82872267142162e-07 2.0034336584678713e-07 -9.136410818622826e-08 -6.129552974683394e-07 1.392567678986263e-06 -7.837207082348153e-07 -1.3314146607099687e-06 -6.718367903896219e-07 -1.2932373285396232e-07 -6.031240982270752e-07 3.7979179260813246e-06 4.4180251676036594e-06 -5.162491662491838e-08 -9.58828987076632e-06 -1.0023185726980157e-05
PC7 1.760183791057173e-06 -1.816953983211931e-07 -1.6360789061375774e-06 1.613387448767604e-06 4.485119934066473e-07 4.276875578218406e-06 -3.4320269215976765e-07 2.4475416684972807e-05 1.992386374523552e-06 -7.226446945561312e-07 1.470532855203164e-07 2.95695531647197e-06 1.3093981388352881e-06 8.275269274228324e-07 -1.2573968722037543e-06 -8.936252854165434e-07 5.376118067959118e-07 -9.365221314119374e-07 3.4255763327451714e-07 -5.036635304249838e-07 -7.030712695152942e-07 -3.6984269938035408e-06 8.506188638209712e-07 2.2896894795601603e-05 7.888270725251718e-07 1.3134111707729858e-05 -4.1658858851193614e-05 -7.018071126544139e-06
PC8 2.971428787977391e-06 6.531428080453613e-08 1.470755181017082e-06 -8.227342591114856e-09 -2.9344545147843173e-06 -1.0338957452175298e-06 -5.408950807191171e-07 1.9923863745235516e-06 2.810614428135848e-05 3.649881124486766e-07 1.3650500874564902e-06 -1.7139946594535739e-06 7.823921548309931e-07 -9.284705609690161e-07 -8.906449464579578e-07 -8.56202591450059e-07 6.844304985818795e-07 -1.719218643971789e-07 -2.4072969260220223e-06 6.839077785671801e-07 5.063707257510774e-07 -9.037287332751545e-06 1.1880544495535763e-05 -5.353237896515651e-06 -1.3631492028505333e-05 1.7701677881317813e-05 -1.9022242286245925e-05 1.015584879548869e-05
PC9 4.2103961058591185e-06 3.299623354820375e-07 -4.543539274858765e-07 -1.42641319132771e-06 1.0002265160398652e-06 -1.4076889862729154e-06 6.40405944422387e-07 -7.226446945561322e-07 3.6498811244867745e-07 2.158191775365987e-05 -1.2553350430137734e-06 2.544431219918015e-07 -8.571202998691446e-07 1.4144209626381837e-07 -1.6808291988144752e-06 6.171348019189375e-07 -1.0690077387150587e-07 1.565095493713098e-06 -7.402471187855824e-07 -5.60370148748236e-07 -1.465092231746413e-06 -2.08116242501927e-06 2.1242187917682897e-05 2.059240656526837e-05 2.629459258249415e-06 -1.7163557611477474e-05 -3.372836118204182e-05 4.763343150621883e-06
PC10 -6.363025605521355e-07 3.006518790570684e-07 3.4774874683889086e-08 -3.3147970329654225e-07 5.467275271695551e-07 -3.508230108779665e-07 -1.9295772471122377e-07 1.4705328552031613e-07 1.3650500874564895e-06 -1.2553350430137743e-06 2.546087238285719e-05 7.436527461642247e-10 1.600821904879354e-07 -4.1347956196852724e-07 -1.0538928571217177e-07 1.7875447413918116e-07 -1.1221647088029645e-06 3.3739721478720055e-07 3.994076370691899e-07 8.273580726840796e-07 1.1884498277955767e-06 -9.280907807832327e-06 -5.3771881215178707e-08 3.2034182202059977e-06 1.8512563667498156e-05 -7.932649950881096e-06 -7.974998379245018e-06 9.967693261372469e-06
PC11 3.204217527462238e-06 -3.155837905776479e-07 7.966289799257975e-07 4.5043595587426584e-07 1.1944072785524214e-06 -1.2635682431793564e-06 1.5768324134363192e-07 2.9569553164719713e-06 -1.713994659453573e-06 2.544431219918021e-07 7.436527461649732e-10 2.0883284806576604e-05 -1.3801497445390303e-07 -7.995805956504669e-08 -1.2117039437621837e-06 1.1130715789948696e-06 6.498318455036241e-07 1.2272348754966332e-07 -3.069890103777412e-08 9.510530603984265e-07 -3.717682324254249e-08 -2.8895724790781727e-06 -1.6873701117783933e-05 5.347431261358788e-06 2.8616791158777866e-05 -4.299465500454677e-06 -1.239600181557471e-05 -6.857928183649373e-06
PC12 -8.007075748992462e-07 1.1290784300937759e-06 -2.65951466452697e-06 1.314731722733762e-07 -2.1614070166075935e-06 4.0783786201943396e-07 -8.222885681023713e-07 1.3093981388352866e-06 7.823921548309929e-07 -8.571202998691446e-07 1.6008219048793544e-07 -1.3801497445390317e-07 1.967572569910365e-05 3.796423131014032e-07 -8.76480368910613e-08 -1.2124249845665763e-06 5.749245119396555e-07 -1.568018204421887e-07 3.9182209607479386e-07 -2.468493298728317e-07 -5.047977516730499e-08 3.327033109431046e-07 -2.444823837388179e-06 5.3284933288392346e-06 8.895382889549038e-06 -4.541873825121031e-06 -5.312886118152972e-08 -1.3570823152825948e-05
PC13 -4.552880083438151e-06 -1.219891977945474e-07 2.3095727100826024e-06 -1.6985036862880795e-06 -1.0549834365370266e-06 -2.798138736668641e-06 -5.828722671421622e-07 8.275269274228331e-07 -9.28470560969016e-07 1.414420962638186e-07 -4.134795619685265e-07 -7.99580595650467e-08 3.796423131014041e-07 2.2740184076424055e-05 -8.734550944319454e-07 3.246146685426149e-06 4.650673466502573e-07 2.3391191194498352e-07 -7.45184144210657e-07 -3.8396970871480027e-07 4.73318095867413e-07 6.970892109922363e-06 -4.868177057342019e-06 -3.3310629457332954e-06 1.1542409058557062e-05 9.20843529738737e-06 -1.120821860486136e-06 2.1889152226310875e-05
PC14 -4.351957349403754e-06 -3.555382953882675e-07 -5.042149047792327e-07 -5.800483646987298e-07 7.704817777083276e-08 1.5479893370187165e-07 2.0034336584678764e-07 -1.2573968722037545e-06 -8.906449464579579e-07 -1.6808291988144746e-06 -1.0538928571217284e-07 -1.2117039437621842e-06 -8.764803689106283e-08 -8.734550944319452e-07 2.1213958867542216e-05 -5.376386490021344e-07 -3.0978175092232285e-07 -2.842203474118715e-07 5.584647100397504e-07 -2.8867610002864835e-07 -4.943590547367084e-07 -2.485894293460441e-06 2.4164943462788976e-06 -6.887307744036221e-06 6.059949517540296e-06 -1.7548450312459195e-05 3.511284365519135e-05 -1.7280831192387116e-05
PC15 -2.2848962504345906e-07 -1.3305722463938717e-06 -4.156278916439022e-08 -3.3897795587622983e-07 5.013980257361693e-07 7.093006992340213e-07 -9.136410818622854e-08 -8.936252854165405e-07 -8.562025914500591e-07 6.17134801918938e-07 1.7875447413918166e-07 1.113071578994871e-06 -1.212424984566575e-06 3.2461466854261503e-06 -5.376386490021348e-07 2.0723673708365135e-05 1.3054074458273496e-06 -1.333980609072322e-06 9.072458393008488e-09 -1.2145047324949607e-06 -8.214643242662937e-07 1.2699381135962854e-05 -2.2536316602251376e-05 6.3373522619061525e-06 1.0849239117287762e-05 2.19459703640284e-05 -1.6325342221034014e-06 -1.119003631078897e-05
PC16 6.8467853712769635e-06 -1.3461777565864737e-06 -8.987410873528659e-07 9.975076279691156e-07 -1.8728647069577098e-07 -1.469840693667576e-07 -6.1295529746834e-07 5.376118067959136e-07 6.844304985818802e-07 -1.0690077387150664e-07 -1.1221647088029634e-06 6.498318455036248e-07 5.749245119396554e-07 4.6506734665025743e-07 -3.0978175092232227e-07 1.3054074458273498e-06 2.1210611420691483e-05 -1.2072821839431692e-06 3.944021510104428e-07 -3.9087234013346875e-07 -1.6205024375465734e-07 -4.56772769362723e-07 -1.3383157987472265e-05 1.1773902381811522e-05 4.511369943435645e-06 1.2317381503434706e-05 -6.857840410552532e-07 -4.197393709770387e-06
PC17 -2.433406182819824e-06 5.938967667618282e-07 1.7260497412959213e-06 -1.327695773590613e-06 5.027457108033972e-07 1.12386287188972e-06 1.3925676789862624e-06 -9.365221314119377e-07 -1.7192186439717844e-07 1.5650954937130983e-06 3.3739721478720055e-07 1.2272348754966297e-07 -1.5680182044218882e-07 2.3391191194498366e-07 -2.842203474118721e-07 -1.3339806090723221e-06 -1.2072821839431688e-06 1.90105559269426e-05 7.67042251643003e-07 5.421488830163009e-07 -8.238378058835369e-08 -1.2957798538419826e-05 1.5549697794030914e-05 -4.457462848798519e-06 9.181750298450162e-06 -1.4918340013043591e-05 3.1605798613534447e-07 1.6832545365059653e-06
PC18 -4.004216125107831e-07 -1.633175287981613e-07 7.771571749862635e-07 -1.1113382784698854e-06 -5.474388845679817e-07 -2.763300396347204e-07 -7.837207082348161e-07 3.4255763327451735e-07 -2.4072969260220227e-06 -7.402471187855829e-07 3.9940763706918984e-07 -3.069890103777438e-08 3.9182209607479476e-07 -7.451841442106576e-07 5.584647100397511e-07 9.072458393008142e-09 3.944021510104425e-07 7.670422516430038e-07 1.980593359395736e-05 -1.3463519541686224e-07 6.854861562142748e-07 1.1627875436960935e-06 -8.192272639665935e-06 3.938579260917171e-06 -1.1176615194303637e-05 6.091493605661632e-06 1.3973452560844773e-05 -1.5858449599209638e-05
PC19 2.4935945283200914e-06 4.688173794132587e-07 -8.131909875005602e-07 9.019975134971523e-07 -5.869051379405595e-07 8.632677792302656e-08 -1.3314146607099687e-06 -5.03663530424983e-07 6.83907778567181e-07 -5.603701487482359e-07 8.273580726840792e-07 9.510530603984266e-07 -2.4684932987283115e-07 -3.8396970871480106e-07 -2.886761000286481e-07 -1.2145047324949618e-06 -3.9087234013346817e-07 5.421488830163008e-07 -1.3463519541686216e-07 2.001065420554478e-05 2.083689555894011e-06 -3.500692441271701e-06 5.228590858319003e-06 -1.0442140308945409e-05 -1.9336040248249133e-05 1.1717445072994317e-05 1.8709705945356965e-06 2.3749157054145313e-05
PC20 -4.151950035255465e-06 3.396095607257707e-07 -1.7275135499130868e-06 3.848962206963768e-07 -1.3161628418645644e-07 -2.3932372192922553e-07 -6.718367903896223e-07 -7.030712695152948e-07 5.063707257510782e-07 -1.465092231746413e-06 1.188449827795577e-06 -3.71768232425434e-08 -5.0479775167305025e-08 4.73318095867413e-07 -4.943590547367082e-07 -8.214643242662936e-07 -1.6205024375465686e-07 -8.238378058835392e-08 6.85486156214275e-07 2.083689555894011e-06 1.8781970881889077e-05 -6.3686225863357155e-06 4.907439435009951e-06 -5.779176769415026e-06 1.907626392452863e-05 1.0648634422394495e-05 -1.2279909432220027e-05 2.4655793818272407e-05
proband 1.9600817810347364e-05 9.829944838814123e-07 -2.2660169811683598e-05 2.2929208081275837e-06 -5.50689879655262e-06 -5.128873819821666e-06 -1.2932373285397563e-07 -3.698426993803546e-06 -9.037287332751576e-06 -2.081162425019273e-06 -9.280907807832317e-06 -2.889572479078157e-06 3.32703310943086e-07 6.9708921099223576e-06 -2.4858942934604434e-06 1.2699381135962871e-05 -4.567727693627239e-07 -1.2957798538419843e-05 1.1627875436961007e-06 -3.500692441271706e-06 -6.368622586335732e-06 0.002003392001671761 -0.0010861172705936995 -0.0009733327771055203 2.161314438590051e-05 0.00011421068938901903 -2.5073267084916085e-05 1.3263636568226149e-05
paternal 5.551525661097613e-05 1.01086738620193e-05 -7.512688607926819e-07 5.25735865657409e-06 1.119074761134436e-05 -7.116363229297969e-06 -6.031240982270571e-07 8.506188638209492e-07 1.1880544495535792e-05 2.1242187917682897e-05 -5.377188121519853e-08 -1.687370111778396e-05 -2.4448238373881705e-06 -4.868177057341997e-06 2.4164943462789026e-06 -2.2536316602251376e-05 -1.3383157987472233e-05 1.5549697794030917e-05 -8.19227263966594e-06 5.228590858319012e-06 4.9074394350099745e-06 -0.0010861172705936989 0.002787973066186353 0.0007360888349120198 -0.00159876435495852 -0.0014289379341233168 5.47261129825011e-05 -4.182010958655755e-05
maternal -1.8053692609100655e-05 4.405364245460854e-06 2.6269991351861362e-05 4.665762760411626e-06 5.354035429657182e-06 1.4655158808989554e-06 3.797917926081319e-06 2.2896894795601603e-05 -5.353237896515609e-06 2.059240656526836e-05 3.2034182202060036e-06 5.3474312613587824e-06 5.3284933288392464e-06 -3.3310629457332967e-06 -6.887307744036219e-06 6.3373522619061466e-06 1.1773902381811527e-05 -4.457462848798519e-06 3.938579260917164e-06 -1.044214030894541e-05 -5.779176769415022e-06 -0.00097333277710552 0.00073608883491202 0.0028046498793124573 0.00027572386715618005 -0.0005019252278135875 -0.0018373540863772454 -0.0014705797568533472
gpp -0.0002350469730842239 9.930793565815895e-07 3.100085566332834e-05 -2.382216010593305e-05 2.524730930551774e-06 -1.7078240377050842e-06 4.418025167603646e-06 7.888270725251945e-07 -1.3631492028505326e-05 2.6294592582494425e-06 1.851256366749817e-05 2.861679115877786e-05 8.895382889549038e-06 1.1542409058557025e-05 6.059949517540302e-06 1.0849239117287735e-05 4.511369943435613e-06 9.181750298450145e-06 -1.1176615194303637e-05 -1.933604024824914e-05 1.907626392452863e-05 2.1613144385900596e-05 -0.0015987643549585189 0.00027572386715618086 0.006377905305761755 -0.001832533909822367 -0.0012905737663056174 -0.0002341739069731549
gpm 0.0001136884860359175 6.999322135137342e-06 -4.1662198568083385e-05 2.058364018701489e-05 -2.0254056116120827e-05 -4.328812660324603e-06 -5.1624916624927e-08 1.3134111707729884e-05 1.7701677881317782e-05 -1.71635576114775e-05 -7.932649950881089e-06 -4.299465500454648e-06 -4.5418738251210324e-06 9.208435297387371e-06 -1.7548450312459215e-05 2.1945970364028422e-05 1.2317381503434715e-05 -1.4918340013043577e-05 6.091493605661652e-06 1.1717445072994311e-05 1.0648634422394456e-05 0.00011421068938901933 -0.0014289379341233183 -0.0005019252278135879 -0.0018325339098223667 0.004843538472105158 0.00022077289710495336 0.000384857605414693
gmp -0.00010016623927363528 5.947777104362656e-06 9.377958186382286e-06 4.144991278339701e-06 1.5628646573580975e-05 -1.732577518374949e-05 -9.58828987076631e-06 -4.165885885119363e-05 -1.9022242286245952e-05 -3.3728361182041814e-05 -7.974998379245035e-06 -1.2396001815574719e-05 -5.3128861181507233e-08 -1.1208218604861199e-06 3.511284365519137e-05 -1.6325342221033915e-06 -6.857840410552697e-07 3.160579861353607e-07 1.3973452560844778e-05 1.8709705945356965e-06 -1.2279909432220034e-05 -2.5073267084916587e-05 5.4726112982500957e-05 -0.0018373540863772454 -0.0012905737663056166 0.00022077289710495317 0.005955841303033052 -0.0010905150343908272
gmm 0.00017662371255338307 4.3818170637396755e-07 -1.0050966548387232e-05 2.1896597896881814e-06 -2.349465786647784e-05 -4.030087636524312e-06 -1.0023185726980143e-05 -7.018071126544129e-06 1.0155848795488688e-05 4.763343150621891e-06 9.96769326137246e-06 -6.857928183649373e-06 -1.357082315282597e-05 2.1889152226310875e-05 -1.728083119238712e-05 -1.1190036310788989e-05 -4.1973937097703584e-06 1.6832545365059727e-06 -1.585844959920963e-05 2.374915705414533e-05 2.465579381827241e-05 1.3263636568226005e-05 -4.18201095865573e-05 -0.001470579756853347 -0.00023417390697315487 0.0003848576054146927 -0.0010905150343908264 0.0047564484226962685
