 intercept PC1 PC2 PC3 PC4 PC5 PC6 PC7 PC8 PC9 PC10 PC11 PC12 PC13 PC14 PC15 PC16 PC17 PC18 PC19 PC20 proband paternal maternal
intercept 0.00030834549691632153 4.070695617055469e-07 -2.4596679393109972e-06 -4.5933048749343273e-07 1.037747052750168e-07 -4.791946588882465e-07 -3.589844756407909e-07 1.0053576183487719e-06 3.980133287202601e-08 8.42188315397389e-07 -3.9588428136362075e-08 -4.0738664954214647e-07 6.611632635185665e-08 9.986043048056893e-08 6.300438355019806e-08 -4.7467920110105836e-07 -7.089384884790142e-08 2.561099601696527e-07 -1.3525190026861483e-07 5.568701324422201e-07 4.2983573492097906e-07 2.3812353470187992e-06 -5.707997354601752e-07 -4.511531828630389e-06
PC1 4.0706956170554695e-07 9.990065398781015e-07 -6.918025326187247e-07 3.8974116155002476e-08 -6.346017823681725e-08 -3.5576649575371295e-08 -5.70433498601858e-10 5.378116573423032e-08 1.245277806482626e-07 -3.648653191617716e-08 5.3429341640627715e-08 -3.4621335338137055e-08 2.388886114814699e-07 1.1871060320096747e-08 -1.1599630240312958e-07 -1.8503863782413688e-07 -1.4080794908863228e-07 1.3136403675022973e-08 4.711636748238409e-08 2.144791971889044e-08 2.773651473372137e-08 -3.2276983474428214e-07 -1.6006970334093227e-06 -1.4633086444623763e-06
PC2 -2.459667939310998e-06 -6.918025326187249e-07 1.8910310589286183e-05 2.3629791908064075e-07 5.846205464277644e-07 -2.830978289317293e-07 -1.4332505087722053e-07 1.497173619970176e-08 3.283904422160771e-08 -2.7127729577138276e-08 -6.474220924868923e-08 1.198545823010954e-07 -1.1947291772407165e-07 2.893664607502425e-08 -8.019537773544713e-08 1.6331833627432957e-07 -1.717667032388724e-07 1.7854116283242244e-07 3.7451654046605075e-08 -1.123047089754624e-10 3.3592491088131636e-08 1.1937988436148818e-07 -3.6452781460371607e-07 5.8367174888535224e-08
PC3 -4.5933048749343273e-07 3.8974116155002436e-08 2.3629791908064078e-07 2.0482052222904644e-06 2.314761808448696e-08 2.9523116120497065e-07 1.1362043326852129e-08 4.570618373557547e-08 -8.045738364610823e-08 -3.2155425555010824e-07 2.9526781502130088e-08 1.2115120032639902e-07 7.839537549965447e-08 -1.7155306566966962e-07 2.662225598440695e-08 -1.1632015243428052e-08 1.8753771037347586e-10 -8.795808496640777e-08 -1.3070329703975046e-07 1.136795258448116e-07 4.929561085224662e-08 1.4189608184165941e-07 8.63625449665889e-07 -2.3878894681069473e-07
PC4 1.0377470527501719e-07 -6.346017823681724e-08 5.846205464277645e-07 2.3147618084486925e-08 3.5273225895305588e-06 5.197904171309359e-07 -1.999632673804577e-07 -2.415286236171408e-08 -3.707176919721719e-07 2.5574794500075085e-07 9.169017069323154e-08 9.676947321769381e-08 -1.9729628207437993e-07 3.306570674418694e-08 -7.536621447485568e-08 -5.454866241781572e-08 6.79533114702725e-08 -8.625440356431384e-10 -8.867516442401721e-08 -8.10372319690426e-08 -3.9302952868485535e-08 -3.683256999388032e-07 1.6852472241626268e-09 -6.69736281736055e-07
PC5 -4.791946588882468e-07 -3.5576649575371295e-08 -2.830978289317297e-07 2.952311612049706e-07 5.197904171309361e-07 5.790136943902578e-06 7.455486357783374e-08 4.885599631614658e-07 -1.0179391819333248e-08 -7.040985699263031e-08 -1.0605446377755359e-07 -3.555939274895479e-07 1.9316020692321983e-07 -2.794326968332799e-07 7.572144619585281e-08 5.256570084718256e-08 -6.359365490459023e-08 2.4761856481943515e-07 -9.63366035534397e-08 9.350421969466505e-08 7.597594854465116e-08 -4.28333737166667e-07 -9.595224514698918e-07 3.234941858351608e-07
PC6 -3.589844756407906e-07 -5.704334986019033e-10 -1.4332505087722058e-07 1.136204332685213e-08 -1.9996326738045776e-07 7.455486357783378e-08 6.3907879844356895e-06 6.282152286347396e-09 -6.384597648015204e-09 3.802726813017551e-08 2.3110642338187644e-08 -1.4840709934327278e-07 1.491787434340288e-08 -1.673351042194384e-07 -2.7493681652614185e-08 -1.4092434427473425e-08 8.662426489308924e-09 2.621421281854554e-07 -5.7284185872970706e-08 -2.9213468265117076e-08 -1.206777375823427e-07 7.792299376740545e-07 -1.8468824990757228e-06 -1.3757867138352605e-06
PC7 1.0053576183487713e-06 5.378116573423029e-08 1.4971736199701658e-08 4.570618373557542e-08 -2.4152862361714022e-08 4.885599631614657e-07 6.282152286347418e-09 5.3389512441449e-06 2.4052069744185566e-07 -9.09775007973774e-08 -4.908200089691157e-08 3.1968818719387717e-07 5.9249448795620007e-08 2.497227878197396e-07 -2.5605278662511722e-08 -1.535382750347348e-07 -9.199400536824284e-08 -2.1803476826708553e-08 4.901860747457461e-08 -5.952541078563231e-08 -1.1819946979361433e-07 1.379105962423556e-07 1.668426400919308e-06 -5.299028390777097e-07
PC8 3.98013328720263e-08 1.2452778064826257e-07 3.283904422160785e-08 -8.045738364610821e-08 -3.7071769197217176e-07 -1.0179391819333255e-08 -6.384597648015097e-09 2.4052069744185566e-07 5.3327091911635025e-06 9.609420449632751e-09 1.5451349497222822e-07 -2.321291074833871e-07 1.1228479449300316e-07 -2.8665637756341653e-08 5.649074574488113e-08 -6.754199891421489e-08 3.3708829424992914e-08 6.263708642163453e-08 -3.524313896370005e-08 -8.408486282586574e-08 1.0134743036382785e-07 -9.04275229820889e-07 -3.5464203076338565e-07 5.5203323390465945e-08
PC9 8.421883153973897e-07 -3.648653191617716e-08 -2.712772957713843e-08 -3.215542555501083e-07 2.5574794500075085e-07 -7.040985699263042e-08 3.8027268130175484e-08 -9.097750079737737e-08 9.609420449632683e-09 5.0712197632384114e-06 8.456742983688248e-09 -1.5276752492050702e-07 -3.396287851767732e-08 -9.455831138185429e-08 -7.79352192391813e-08 4.1376801819052994e-08 1.4912628593862594e-07 1.3105978457024637e-07 -2.1224384549247742e-07 -1.051697977937809e-07 -9.31538662197675e-08 -8.472185083459947e-07 6.351802314835608e-08 1.1504343133536704e-06
PC10 -3.9588428136361135e-08 5.342934164062776e-08 -6.474220924868933e-08 2.9526781502130048e-08 9.169017069323151e-08 -1.0605446377755346e-07 2.3110642338187697e-08 -4.908200089691166e-08 1.545134949722282e-07 8.45674298368825e-09 4.63644402113768e-06 -2.1258363475669798e-07 1.5376217316519288e-07 -1.7069136489026736e-07 -1.3849511078764273e-07 -9.663163416658973e-08 -1.4382451341044007e-07 5.4229947793061917e-08 2.0218631361545147e-07 1.2857342417629985e-07 1.9263083777551614e-08 -1.956679573018127e-09 -9.07619597856864e-07 -6.590804135247609e-07
PC11 -4.0738664954214674e-07 -3.462133533813707e-08 1.198545823010954e-07 1.2115120032639897e-07 9.676947321769368e-08 -3.555939274895481e-07 -1.4840709934327276e-07 3.196881871938771e-07 -2.3212910748338716e-07 -1.5276752492050708e-07 -2.125836347566979e-07 4.59049840421741e-06 -6.591513475987598e-08 -4.0043647306194325e-08 -1.0069279894519193e-07 8.896072094271834e-08 9.148096588255142e-09 1.4610634586558012e-07 -3.8537770652233505e-08 7.443545419743561e-08 1.799651121784542e-07 6.744444219387067e-08 -7.761045252301454e-07 -1.1728866212771774e-06
PC12 6.611632635185693e-08 2.3888861148146997e-07 -1.194729177240717e-07 7.839537549965447e-08 -1.9729628207437996e-07 1.9316020692322e-07 1.4917874343402937e-08 5.924944879562002e-08 1.122847944930031e-07 -3.396287851767729e-08 1.5376217316519275e-07 -6.591513475987592e-08 4.433410138054901e-06 -7.15759076255892e-10 -1.512868946585398e-08 -1.1413330543084233e-07 -7.315285207692891e-08 -2.8613449161328854e-08 3.709583380171025e-08 -3.2649828142175025e-08 -5.175352360889943e-08 5.003980122086216e-07 -9.148573077196196e-08 -9.631427260253923e-07
PC13 9.986043048056857e-08 1.1871060320096754e-08 2.8936646075024325e-08 -1.7155306566966951e-07 3.306570674418686e-08 -2.7943269683328e-07 -1.6733510421943833e-07 2.497227878197395e-07 -2.8665637756341725e-08 -9.455831138185435e-08 -1.7069136489026723e-07 -4.004364730619422e-08 -7.157590762558775e-10 4.2188119145481506e-06 -9.32281998611969e-08 2.2262130707040333e-07 4.113720904355443e-08 1.2242651234407417e-08 -1.1639527155871979e-07 1.6952037792960555e-08 5.262404745201609e-08 -5.175513845904732e-07 -1.3791933719339003e-06 -1.010948741802259e-07
PC14 6.300438355019812e-08 -1.1599630240312962e-07 -8.019537773544716e-08 2.6622255984406998e-08 -7.536621447485572e-08 7.572144619585283e-08 -2.7493681652614195e-08 -2.5605278662511683e-08 5.649074574488122e-08 -7.793521923918137e-08 -1.3849511078764265e-07 -1.0069279894519199e-07 -1.5128689465854065e-08 -9.322819986119698e-08 4.5938343963695205e-06 4.9617346985970726e-09 -7.78222558355176e-08 -3.3052850748969266e-08 1.0213101404415088e-07 1.1970120536562698e-07 1.3330428436698702e-08 -1.2573224803558526e-07 -2.800732485672235e-08 -4.41003017181908e-08
PC15 -4.7467920110105836e-07 -1.850386378241369e-07 1.633183362743294e-07 -1.1632015243428032e-08 -5.454866241781572e-08 5.256570084718251e-08 -1.4092434427473387e-08 -1.5353827503473494e-07 -6.754199891421492e-08 4.1376801819052974e-08 -9.663163416658978e-08 8.896072094271832e-08 -1.1413330543084237e-07 2.226213070704033e-07 4.961734698597156e-09 4.359804001511104e-06 1.173989402938051e-07 -1.6559114898017305e-07 -7.168818937855402e-08 1.0395807889864216e-07 8.924864671826944e-08 -7.801762768728917e-07 7.149517906387089e-07 8.33754663726408e-07
PC16 -7.08938488479017e-08 -1.4080794908863228e-07 -1.717667032388725e-07 1.8753771037348612e-10 6.795331147027248e-08 -6.359365490459029e-08 8.662426489308774e-09 -9.199400536824288e-08 3.370882942499282e-08 1.4912628593862586e-07 -1.4382451341044015e-07 9.148096588255296e-09 -7.31528520769288e-08 4.113720904355453e-08 -7.782225583551763e-08 1.1739894029380502e-07 4.464926107831422e-06 5.0005843610948985e-09 -4.344138288384098e-08 -1.4073866623125273e-07 -9.222558331130551e-08 -7.288870258952084e-08 5.051719301307992e-07 5.510620689783471e-07
PC17 2.561099601696527e-07 1.3136403675022974e-08 1.7854116283242239e-07 -8.795808496640779e-08 -8.625440356430698e-10 2.476185648194352e-07 2.621421281854552e-07 -2.1803476826708484e-08 6.263708642163449e-08 1.3105978457024642e-07 5.4229947793061864e-08 1.4610634586557998e-07 -2.8613449161328963e-08 1.22426512344074e-08 -3.305285074896926e-08 -1.6559114898017305e-07 5.0005843610948894e-09 4.099090645996172e-06 -5.398301516338411e-09 -4.4194705417369187e-08 4.944311362004713e-09 2.704734130974314e-07 -2.7916220835850917e-07 9.907042411836286e-07
PC18 -1.3525190026861496e-07 4.7116367482384116e-08 3.7451654046605234e-08 -1.3070329703975043e-07 -8.867516442401723e-08 -9.633660355343964e-08 -5.7284185872970686e-08 4.9018607474574575e-08 -3.5243138963700014e-08 -2.1224384549247737e-07 2.0218631361545147e-07 -3.8537770652233544e-08 3.7095833801710265e-08 -1.163952715587198e-07 1.0213101404415088e-07 -7.168818937855402e-08 -4.3441382883840983e-08 -5.39830151633833e-09 4.13123871372595e-06 -1.744873571207371e-08 4.681697236893589e-08 -3.1886160782914514e-07 6.434269591458161e-07 2.155559039327855e-07
PC19 5.568701324422203e-07 2.1447919718890496e-08 -1.1230470897558968e-10 1.1367952584481162e-07 -8.103723196904271e-08 9.350421969466494e-08 -2.921346826511706e-08 -5.9525410785632346e-08 -8.40848628258657e-08 -1.0516979779378093e-07 1.2857342417629982e-07 7.44354541974356e-08 -3.264982814217501e-08 1.6952037792960568e-08 1.1970120536562704e-07 1.039580788986422e-07 -1.4073866623125284e-07 -4.4194705417369187e-08 -1.7448735712073707e-08 4.169968870233085e-06 1.1165952992555754e-07 6.132840675175904e-07 8.026600659999333e-07 8.639735946480715e-07
PC20 4.2983573492097884e-07 2.773651473372136e-08 3.3592491088131715e-08 4.929561085224662e-08 -3.930295286848553e-08 7.597594854465113e-08 -1.206777375823426e-07 -1.1819946979361429e-07 1.0134743036382782e-07 -9.315386621976751e-08 1.9263083777551657e-08 1.7996511217845417e-07 -5.17535236088995e-08 5.262404745201598e-08 1.3330428436698742e-08 8.924864671826945e-08 -9.22255833113055e-08 4.944311362004735e-09 4.6816972368935966e-08 1.1165952992555758e-07 3.842102828376871e-06 -1.0994189606507254e-06 5.40000139380732e-07 1.0769722907827894e-06
proband 2.3812353470188047e-06 -3.227698347442816e-07 1.193798843614886e-07 1.4189608184166092e-07 -3.6832569993880344e-07 -4.283337371666668e-07 7.792299376740547e-07 1.379105962423548e-07 -9.042752298208883e-07 -8.47218508345995e-07 -1.9566795730178554e-09 6.744444219386946e-08 5.003980122086214e-07 -5.17551384590473e-07 -1.2573224803558592e-07 -7.801762768728914e-07 -7.28887025895208e-08 2.7047341309743113e-07 -3.188616078291452e-07 6.132840675175907e-07 -1.0994189606507254e-06 0.00035705104576557215 -0.00019436744047909022 -0.00018515018133874933
paternal -5.70799735460175e-07 -1.600697033409323e-06 -3.645278146037164e-07 8.636254496658877e-07 1.6852472241629235e-09 -9.595224514698925e-07 -1.846882499075724e-06 1.6684264009193067e-06 -3.5464203076338634e-07 6.351802314835651e-08 -9.076195978568647e-07 -7.761045252301442e-07 -9.148573077196278e-08 -1.3791933719338998e-06 -2.800732485672136e-08 7.14951790638709e-07 5.051719301307987e-07 -2.791622083585094e-07 6.434269591458161e-07 8.026600659999337e-07 5.400001393807321e-07 -0.00019436744047909025 0.00047734596703571946 5.1217338172827165e-05
maternal -4.511531828630401e-06 -1.463308644462376e-06 5.836717488853507e-08 -2.387889468106961e-07 -6.69736281736055e-07 3.23494185835161e-07 -1.3757867138352615e-06 -5.299028390777088e-07 5.520332339046556e-08 1.1504343133536702e-06 -6.5908041352476e-07 -1.1728866212771768e-06 -9.631427260253916e-07 -1.0109487418022563e-07 -4.410030171819114e-08 8.337546637264079e-07 5.510620689783473e-07 9.907042411836288e-07 2.1555590393278515e-07 8.639735946480716e-07 1.0769722907827902e-06 -0.00018515018133874936 5.121733817282713e-05 0.00045387832645232633
