 intercept PC1 PC2 PC3 PC4 PC5 PC6 PC7 PC8 PC9 PC10 PC11 PC12 PC13 PC14 PC15 PC16 PC17 PC18 PC19 PC20 proband
intercept 0.00031597968004627 2.9127018207711146e-07 -1.784106702542112e-06 -3.4994974130393765e-07 2.1156088831439596e-07 -2.914213736786389e-07 -6.274684542785629e-07 7.395239308623019e-07 -3.6971351674198684e-08 6.965530178525543e-07 -2.8438716168791976e-07 -6.808149384834381e-07 1.1169954297288037e-07 1.1042545753536225e-07 1.575980917868069e-07 -4.016785808655614e-07 -5.72100548042788e-08 2.7218651863348204e-07 4.510359517840252e-09 4.967070511601821e-07 4.531233535264345e-07 1.540198927194556e-06
PC1 2.9127018207711167e-07 9.89271828484284e-07 -5.604578943032866e-07 6.01658608795708e-08 -4.9842575146966316e-08 -3.9853859623328276e-08 -1.0803125136724206e-08 4.077903974247539e-08 9.817210336065307e-08 -2.646325673718473e-08 3.032007057515669e-08 -3.831334759308658e-08 1.924907271459195e-07 1.2859847116687154e-08 -8.694896648572277e-08 -1.4705135204257293e-07 -1.232639449744559e-07 1.5151650008979667e-08 4.4284693743403615e-08 1.9020095682020664e-08 2.401605513729981e-08 -1.2493321074419887e-06
PC2 -1.7841067025421123e-06 -5.604578943032866e-07 1.531813166763178e-05 1.5888984733805902e-07 4.5393477541018163e-07 -2.4486147587912553e-07 -5.239431787752221e-08 6.04998729786256e-08 8.809576217058437e-08 1.4339577838319814e-07 6.260696248275856e-09 9.041278934819816e-08 -3.919226453958983e-08 1.6409583373451227e-08 -1.6992326071400517e-07 8.13282103150438e-08 -1.2399729919133492e-07 1.3386067820128394e-07 -2.1413334910493617e-08 3.404595397916421e-08 2.028151279974512e-08 1.9718879626743552e-07
PC3 -3.499497413039375e-07 6.016586087957078e-08 1.58889847338059e-07 2.027286789324992e-06 5.2160030035277925e-09 2.1936316230613394e-07 4.341280102451118e-09 4.937268746211612e-08 -6.475313712002428e-08 -2.6548810408507343e-07 3.2140468361278265e-08 9.864715318403781e-08 6.699937327229464e-08 -1.2790031655013642e-07 8.58827250371705e-09 -2.6067298625381597e-08 9.7549204185516e-11 -7.55091172027675e-08 -1.1250938739594658e-07 8.173593061985545e-08 2.6981972293241533e-08 3.1744460503665614e-07
PC4 2.1156088831439636e-07 -4.984257514696626e-08 4.539347754101815e-07 5.2160030035278545e-09 3.2418030496333634e-06 3.3180936017760694e-07 -1.860805253473097e-07 -2.765939377098801e-08 -2.543442511887766e-07 2.0868345449778003e-07 8.991468164079647e-08 6.888243166265862e-08 -1.839513080806271e-07 5.979736789071273e-08 -4.408806567330468e-08 -2.919481172099465e-09 2.4514472453268882e-08 -1.7655894381623278e-08 -3.508450081362716e-08 -6.825511688498018e-08 -2.920599187863526e-08 -6.769436398330289e-07
PC5 -2.9142137367863793e-07 -3.9853859623328236e-08 -2.448614758791257e-07 2.1936316230613405e-07 3.3180936017760673e-07 4.823594798630402e-06 2.1785994836952725e-08 3.540460887346943e-07 9.130719901517506e-08 -4.451517939840392e-08 -3.6590066319507114e-08 -2.2647069493207012e-07 1.4531648666063728e-07 -1.5811990871128787e-07 4.083404067820512e-08 3.919318519160225e-08 -3.886032751613705e-08 1.6203521704114574e-07 -8.151548113619073e-08 5.644940060762486e-08 7.122666662900156e-08 -4.295017524282462e-07
PC6 -6.274684542785637e-07 -1.080312513672421e-08 -5.239431787752206e-08 4.341280102451075e-09 -1.8608052534730972e-07 2.1785994836952615e-08 5.288382792912031e-06 -2.05058290810368e-08 1.5360460178545113e-08 1.7909283800905938e-08 1.342375421795973e-08 -1.230348468504394e-07 1.744265337066472e-08 -1.114951369224732e-07 -2.306875184361221e-08 -6.836340596704068e-09 -2.034457760025556e-08 2.121843162232628e-07 -5.6391365678579964e-08 -1.2374122157382644e-08 -9.438075105740524e-08 -3.0447137659530237e-07
PC7 7.395239308623028e-07 4.077903974247539e-08 6.049987297862554e-08 4.9372687462116146e-08 -2.7659393770988042e-08 3.5404608873469427e-07 -2.05058290810367e-08 4.474068418530115e-06 1.5625651834177787e-07 -7.490194047300959e-08 -3.0817425925576927e-08 2.454816069179913e-07 6.411774348549679e-08 1.8787673201068213e-07 1.1311335606590491e-08 -1.229636105842769e-07 -5.4180791890447664e-08 -1.2912363118482926e-08 4.5492422908499974e-08 -2.1904807276702266e-08 -8.255843749139215e-08 5.373253575956264e-07
PC8 -3.6971351674198584e-08 9.817210336065309e-08 8.809576217058453e-08 -6.475313712002435e-08 -2.543442511887764e-07 9.130719901517537e-08 1.5360460178545073e-08 1.5625651834177792e-07 4.470970249785624e-06 3.293548049409006e-09 5.829826109516128e-08 -1.7307077144732765e-07 1.1346491118261572e-07 -5.843587818724719e-08 4.186752036647791e-08 -5.51409317764739e-08 3.184979292850839e-08 3.677031697866396e-08 -2.987421301759524e-08 -6.208166666524635e-08 6.96581286896426e-08 -7.738796849496158e-07
PC9 6.965530178525539e-07 -2.6463256737184734e-08 1.4339577838319798e-07 -2.6548810408507354e-07 2.086834544977801e-07 -4.451517939840385e-08 1.7909283800905944e-08 -7.490194047300965e-08 3.2935480494090277e-09 4.2191919009938644e-06 -3.071614774518682e-08 -9.713285570098642e-08 -2.0057900585054495e-08 -8.518997552898446e-08 -2.195865425801319e-08 5.389850027851986e-08 1.0991093016170623e-07 1.1103362115248772e-07 -1.7393429679094144e-07 -6.899927652139727e-08 -5.3797166936918325e-08 -4.840110920523087e-07
PC10 -2.8438716168791955e-07 3.0320070575156645e-08 6.260696248275928e-09 3.214046836127828e-08 8.99146816407965e-08 -3.659006631950691e-08 1.3423754217959773e-08 -3.081742592557702e-08 5.829826109516135e-08 -3.071614774518693e-08 3.893077811407209e-06 -1.388281731490545e-07 7.962665516788894e-08 -1.3123683996253772e-07 -7.790350351104262e-08 -7.395819347501857e-08 -1.1751771090570462e-07 3.042148025445956e-08 1.274949206363012e-07 1.2216710971218507e-07 8.385819071036656e-09 -3.389592919866837e-07
PC11 -6.808149384834379e-07 -3.831334759308661e-08 9.041278934819818e-08 9.864715318403787e-08 6.888243166265851e-08 -2.264706949320703e-07 -1.2303484685043952e-07 2.4548160691799133e-07 -1.7307077144732773e-07 -9.713285570098642e-08 -1.388281731490545e-07 3.866775948160225e-06 -7.26417724976749e-08 -2.5751138891212946e-08 -7.126677508631695e-08 9.082676735395653e-08 2.2995068520364577e-08 1.206346574162165e-07 -2.8658791863698124e-08 4.304211419836618e-08 1.459573090270248e-07 -5.09118714686216e-07
PC12 1.1169954297288101e-07 1.924907271459195e-07 -3.9192264539589775e-08 6.699937327229473e-08 -1.8395130808062725e-07 1.4531648666063733e-07 1.744265337066464e-08 6.411774348549675e-08 1.1346491118261579e-07 -2.005790058505447e-08 7.962665516788902e-08 -7.26417724976749e-08 3.7634518369212977e-06 -2.7160562395472818e-08 -1.7821104012768384e-08 -1.0846176906560527e-07 -7.570206473794363e-08 1.3669111343124522e-08 1.8719581059047375e-08 -3.516987636140843e-09 -4.3494749408903504e-08 -7.39663632424373e-08
PC13 1.104254575353627e-07 1.2859847116687207e-08 1.6409583373451138e-08 -1.279003165501364e-07 5.979736789071263e-08 -1.581199087112878e-07 -1.114951369224732e-07 1.878767320106821e-07 -5.84358781872472e-08 -8.518997552898446e-08 -1.312368399625378e-07 -2.5751138891212906e-08 -2.716056239547276e-08 3.5854426743290215e-06 -6.238971545963401e-08 1.5268210085162112e-07 3.195521140891885e-08 7.551729488490923e-09 -6.801464581993659e-08 9.934714301493667e-09 4.708327535195758e-08 -8.561044754574148e-07
PC14 1.57598091786807e-07 -8.694896648572275e-08 -1.6992326071400517e-07 8.588272503717075e-09 -4.4088065673304625e-08 4.08340406782052e-08 -2.306875184361217e-08 1.1311335606590455e-08 4.186752036647793e-08 -2.1958654258013204e-08 -7.790350351104262e-08 -7.126677508631705e-08 -1.782110401276846e-08 -6.23897154596341e-08 3.830082665652308e-06 2.123094052950485e-08 -7.479807356017953e-08 -1.8740351599936695e-08 6.498176316499501e-08 1.0423327781924081e-07 2.406085768159148e-08 -4.7368110414940384e-08
PC15 -4.016785808655614e-07 -1.4705135204257293e-07 8.132821031504367e-08 -2.6067298625381604e-08 -2.919481172099483e-09 3.91931851916022e-08 -6.836340596703967e-09 -1.2296361058427687e-07 -5.514093177647395e-08 5.3898500278519816e-08 -7.395819347501866e-08 9.082676735395659e-08 -1.084617690656053e-07 1.5268210085162115e-07 2.123094052950478e-08 3.637111754162563e-06 7.302137927853382e-08 -1.137587430868079e-07 -5.1096364750224275e-08 7.255687954414896e-08 7.818808257259944e-08 -1.2583790643495565e-07
PC16 -5.7210054804279116e-08 -1.23263944974456e-07 -1.239972991913347e-07 9.754920418552092e-11 2.45144724532689e-08 -3.886032751613708e-08 -2.0344577600255657e-08 -5.418079189044757e-08 3.1849792928508455e-08 1.0991093016170615e-07 -1.175177109057046e-07 2.2995068520364633e-08 -7.570206473794358e-08 3.195521140891887e-08 -7.479807356017953e-08 7.302137927853384e-08 3.7484231017261506e-06 1.9001755908974493e-08 -3.982780284038638e-08 -9.786098433438938e-08 -6.417008712426696e-08 2.9425693777760695e-07
PC17 2.72186518633482e-07 1.515165000897961e-08 1.3386067820128391e-07 -7.550911720276745e-08 -1.7655894381623298e-08 1.620352170411456e-07 2.1218431622326277e-07 -1.2912363118482924e-08 3.6770316978664004e-08 1.1103362115248764e-07 3.042148025445954e-08 1.2063465741621658e-07 1.366911134312452e-08 7.551729488490917e-09 -1.874035159993667e-08 -1.1375874308680793e-07 1.900175590897455e-08 3.444020980238642e-06 -8.65521782224901e-09 -1.051291809835228e-08 1.833300394742952e-08 5.02881128501766e-07
PC18 4.510359517840158e-09 4.428469374340359e-08 -2.1413334910493594e-08 -1.1250938739594652e-07 -3.508450081362716e-08 -8.151548113619072e-08 -5.639136567857984e-08 4.5492422908500014e-08 -2.987421301759524e-08 -1.7393429679094138e-07 1.2749492063630115e-07 -2.865879186369826e-08 1.8719581059047392e-08 -6.801464581993654e-08 6.4981763164995e-08 -5.109636475022419e-08 -3.9827802840386406e-08 -8.655217822249008e-09 3.462766056076811e-06 -3.237157959122365e-08 3.576359632596891e-08 -7.114712837377083e-08
PC19 4.967070511601819e-07 1.9020095682020664e-08 3.4045953979164086e-08 8.173593061985553e-08 -6.825511688498019e-08 5.644940060762489e-08 -1.2374122157382596e-08 -2.1904807276702243e-08 -6.208166666524637e-08 -6.899927652139725e-08 1.221671097121852e-07 4.304211419836624e-08 -3.5169876361408787e-09 9.934714301493641e-09 1.0423327781924083e-07 7.255687954414902e-08 -9.78609843343894e-08 -1.0512918098352231e-08 -3.2371579591223665e-08 3.4566063454327166e-06 8.052305261948166e-08 7.734934080709141e-07
PC20 4.531233535264348e-07 2.401605513729979e-08 2.028151279974506e-08 2.698197229324152e-08 -2.920599187863522e-08 7.12266666290016e-08 -9.438075105740524e-08 -8.255843749139224e-08 6.965812868964249e-08 -5.3797166936918444e-08 8.385819071036675e-09 1.4595730902702477e-07 -4.349474940890355e-08 4.708327535195751e-08 2.4060857681591475e-08 7.818808257259944e-08 -6.41700871242669e-08 1.8333003947429483e-08 3.576359632596897e-08 8.052305261948168e-08 3.235621409691908e-06 -3.891183396204213e-07
proband 1.5401989271945574e-06 -1.2493321074419894e-06 1.9718879626743586e-07 3.174446050366564e-07 -6.769436398330285e-07 -4.29501752428246e-07 -3.0447137659530226e-07 5.373253575956268e-07 -7.738796849496158e-07 -4.840110920523081e-07 -3.389592919866841e-07 -5.091187146862158e-07 -7.396636324243729e-08 -8.561044754574149e-07 -4.736811041493999e-08 -1.258379064349559e-07 2.942569377776063e-07 5.028811285017655e-07 -7.11471283737708e-08 7.734934080709139e-07 -3.8911833962042166e-07 0.00018140415385330415
