Estimate Std. Error z value Pr(>|z|)
(Intercept) -0.885515558964616 0.0696034665215185 -12.7222910469675 4.44629438805808e-37
covarSEX 2119.0462012037 875.183281840064 2.4212599179779 0.0154668139115003
covarYOB -18.8237325314416 20.3880872977847 -0.923271136546825 0.355865925536369
covarYOBsq 19.4025265595556 20.3098370795095 0.955326548588156 0.339412585798078
covarSEX_YOB -4231.6895861637 1744.3426881327 -2.42595082660831 0.0152683389018583
covarSEX_YOBsq 2112.1512918225 869.330557057879 2.42962964395358 0.0151142583854086
covarPC1 0.161349362759493 0.048154007354411 3.35069439957448 0.000806092074309264
covarPC2 0.0330671872436347 0.0452502157739784 0.730763084286779 0.464923875589783
covarPC3 0.144970605757904 0.0476075137275596 3.04512028474156 0.00232587268475176
covarPC4 0.072616624768447 0.0466896621406068 1.55530413884257 0.119873652116341
covarPC5 -0.0324351289145164 0.0505689909593968 -0.641403522181398 0.521260545178859
covarPC6 -0.0188224285322466 0.0425148163083912 -0.44272632852777 0.65796369631828
covarPC7 0.0944246528437289 0.0447368700571594 2.11066739186457 0.0348009106475122
covarPC8 -0.020420612174657 0.0464754341199392 -0.439385076467656 0.660382538071844
covarPC9 0.0131845063237487 0.0448542530058179 0.293941052190493 0.768802947911746
covarPC10 0.0414243671788962 0.0449249945167245 0.922078402557731 0.356487681512322
covarPC11 0.028913751297188 0.0459661812327698 0.629022262057635 0.529334481837273
covarPC12 -0.0697019840441088 0.0439788248873656 -1.58489873757707 0.11298934341449
covarPC13 -0.0465388235120172 0.0450425795369945 -1.03321843443255 0.301501687872146
covarPC14 -0.108363949605466 0.0443867636658724 -2.44135730239742 0.0146321697536178
covarPC15 -0.0870753592761241 0.0451327363880525 -1.92931708211636 0.0536915103732904
covarPC16 -0.0149436370802811 0.0442879106845254 -0.337420231600641 0.735800135380225
covarPC17 -0.0384914288190189 0.0445313820795096 -0.864366364158504 0.387386664248773
covarPC18 0.00922945029939852 0.0431880243152165 0.213703924774042 0.830777950521127
covarPC19 0.0475601446767368 0.0445308545567273 1.06802676818498 0.285508437288461
covarPC20 -0.0596147421679884 0.0434832277286948 -1.37098245189946 0.17038042640435
proband 0.0281711762696391 0.0478555907084559 0.588670536766802 0.556082306146896
maternal -0.122318777193628 0.0834101827321013 -1.46647295554422 0.142519483698505
gmm 0.0678768006173838 0.101361095027637 0.669653387218011 0.503078772577215
gpm 0.093802710186347 0.110200492101793 0.851200465599563 0.394658004221368
