 intercept PC1 PC2 PC3 PC4 PC5 PC6 PC7 PC8 PC9 PC10 PC11 PC12 PC13 PC14 PC15 PC16 PC17 PC18 PC19 PC20 proband
intercept 0.0002675237281307222 4.411793892983635e-07 -2.1916975727436574e-06 -4.691014788202875e-07 8.742765185284333e-09 -2.999317452040538e-07 -3.325234450621107e-07 7.180237385204781e-07 5.0436168618346085e-08 8.248907924755778e-07 -6.740059621509405e-08 -1.1446989326678135e-07 2.6362914423337867e-08 1.2346969548654963e-07 1.2705350627503613e-07 -4.764148058771732e-07 -2.090434667168463e-07 2.608420965401656e-07 -1.4471652776980937e-07 6.450275499443965e-07 2.7458783289244196e-07 -9.551515966690336e-07
PC1 4.4117938929836327e-07 8.543552052695949e-07 -6.2922267650626e-07 5.355765052761377e-08 -6.33429599866998e-08 -3.881686584211351e-08 -5.151988484416587e-09 4.481291270979433e-08 9.972503486968169e-08 -2.566366639131312e-08 4.431742641127566e-08 -4.264158488103182e-08 2.272306563401517e-07 1.845910771577493e-09 -1.0304870161153534e-07 -1.7900251956981148e-07 -1.5872758167517918e-07 2.860317516886748e-08 5.300117173063752e-08 3.153754697511697e-08 1.7329996619507476e-08 6.162448136675496e-07
PC2 -2.1916975727436558e-06 -6.292226765062602e-07 1.77135492635645e-05 2.0658359472460048e-07 5.849151020414394e-07 -2.1379934364719463e-07 -4.807495627957259e-08 1.3786394718861695e-08 1.175201306016933e-07 6.574239998016547e-08 -6.010401171583202e-09 6.977370825553691e-08 -1.2882287267758914e-07 4.454516102824418e-08 -1.8099475580727542e-07 1.1035401689085561e-07 -1.7246000102951081e-07 1.5266732985076135e-07 -8.805335705049912e-09 -6.887960100091142e-09 -8.056563800497217e-09 2.1234858787466794e-08
PC3 -4.691014788202878e-07 5.355765052761379e-08 2.0658359472460045e-07 1.8151652561841898e-06 1.780725591404106e-08 2.732146758879884e-07 2.2219077652654596e-08 5.31510091128352e-08 -5.978022386358414e-08 -3.243504435222136e-07 3.274065439796446e-08 1.3092399670756823e-07 7.037210923448164e-08 -1.6835219741408e-07 -5.358660366591115e-10 -6.5902461411072555e-09 3.433450701504418e-09 -1.0237221464391956e-07 -1.3883047012964262e-07 1.1556067539803833e-07 4.1367289169543754e-08 5.634373240713e-07
PC4 8.742765185283605e-09 -6.334295998669978e-08 5.849151020414394e-07 1.780725591404106e-08 3.1270148527280887e-06 4.2288409124451883e-07 -2.108282619922055e-07 -1.6415577061322777e-08 -3.4872068137008643e-07 2.3589153304484074e-07 9.715562368344069e-08 9.59811534087374e-08 -2.098346683697205e-07 2.3095127973709054e-08 -9.132216763771087e-08 -3.138368504188779e-08 5.593217099392289e-08 3.588186331477324e-09 -7.745323707179464e-08 -6.892673913064258e-08 -2.4137224421551028e-08 -8.006163379332809e-08
PC5 -2.9993174520405436e-07 -3.88168658421135e-08 -2.1379934364719484e-07 2.732146758879885e-07 4.22884091244519e-07 5.235462255379728e-06 3.8823068987184334e-08 4.74764233348467e-07 2.1679379765269214e-08 -5.065410697623018e-08 -8.211130507216515e-08 -2.986233139413403e-07 1.7602491622369566e-07 -2.3827291764710437e-07 3.267306269044473e-08 6.667214533987414e-08 -5.21924190638466e-08 2.347880456004298e-07 -1.0422963847101461e-07 8.805657810639463e-08 7.148103539132017e-08 9.78446534318757e-07
PC6 -3.3252344506211e-07 -5.1519884844165385e-09 -4.807495627957275e-08 2.2219077652654622e-08 -2.1082826199220548e-07 3.8823068987184354e-08 6.02606634083966e-06 4.715394260819752e-09 6.871597521780715e-09 7.965287886514833e-08 -1.8612841879264033e-10 -1.4327233546798545e-07 2.339631663896585e-08 -1.515262724168188e-07 -2.687959481503409e-08 -1.6807470166659043e-08 -2.6874921652419212e-08 2.4275183858935406e-07 -6.184095089506414e-08 -2.3490505888548357e-08 -1.0111102193680967e-07 8.888565495685321e-07
PC7 7.180237385204791e-07 4.48129127097944e-08 1.3786394718861495e-08 5.315100911283519e-08 -1.641557706132285e-08 4.747642333484671e-07 4.715394260819833e-09 5.026756128548384e-06 2.2313127563886775e-07 -8.335745412836357e-08 -3.9771705396004396e-08 3.488384224768454e-07 6.772019156781927e-08 2.68060941972738e-07 -2.5195424089973677e-08 -1.6820352261992997e-07 -1.0303172129698666e-07 -3.273093363219065e-08 6.866569597758455e-08 -3.738402056736288e-08 -1.1103921430195687e-07 -7.90731570486328e-07
PC8 5.043616861834645e-08 9.972503486968169e-08 1.1752013060169343e-07 -5.978022386358423e-08 -3.4872068137008653e-07 2.1679379765269102e-08 6.8715975217807485e-09 2.2313127563886767e-07 5.060892663790525e-06 7.429639643012019e-09 1.3868710723895855e-07 -2.2539494865872967e-07 9.69791858140088e-08 -6.446282387394173e-08 5.821726492279022e-08 -9.102962640036787e-08 3.947661557079409e-08 6.780644650030591e-08 -3.980806961214435e-08 -5.552554514418675e-08 8.678008229278019e-08 4.8570945561653423e-08
PC9 8.248907924755778e-07 -2.5663666391313135e-08 6.574239998016553e-08 -3.243504435222135e-07 2.3589153304484074e-07 -5.065410697623006e-08 7.965287886514831e-08 -8.335745412836354e-08 7.429639643012006e-09 4.777806897557437e-06 -3.5545771354613754e-08 -1.4457240086489626e-07 -4.1591044150909057e-08 -1.2699498297629073e-07 -5.324295285087756e-08 3.589958979054078e-08 1.1305701926988828e-07 1.321106657464783e-07 -1.639251417714131e-07 -7.678397030542195e-08 -8.49993448880736e-08 6.845508149546458e-07
PC10 -6.740059621509421e-08 4.431742641127568e-08 -6.01040117158323e-09 3.274065439796442e-08 9.715562368344068e-08 -8.21113050721653e-08 -1.8612841879269123e-10 -3.977170539600446e-08 1.3868710723895855e-07 -3.554577135461372e-08 4.409579651709581e-06 -2.036280279318193e-07 1.3413759663244323e-07 -1.9547623293069475e-07 -1.0562943748267937e-07 -7.66407623868364e-08 -1.5647083283063063e-07 2.6678805199623733e-08 1.6800874526034607e-07 1.4367572925982118e-07 4.430850469629604e-08 1.2378868864803196e-07
PC11 -1.144698932667808e-07 -4.2641584881031796e-08 6.977370825553688e-08 1.309239967075682e-07 9.598115340873753e-08 -2.986233139413401e-07 -1.4327233546798556e-07 3.4883842247684565e-07 -2.253949486587297e-07 -1.4457240086489632e-07 -2.0362802793181935e-07 4.340212843172241e-06 -6.509248202798909e-08 -4.8865133473449596e-08 -1.0336145309586045e-07 9.405549053274587e-08 1.6315924672832725e-08 1.6623419699091904e-07 -1.9470204597596402e-08 7.622111846047428e-08 1.6164381611221647e-07 -2.5927798888321487e-09
PC12 2.636291442333785e-08 2.2723065634015176e-07 -1.2882287267758922e-07 7.037210923448168e-08 -2.098346683697206e-07 1.7602491622369582e-07 2.3396316638965863e-08 6.772019156781921e-08 9.697918581400887e-08 -4.1591044150909043e-08 1.3413759663244331e-07 -6.509248202798918e-08 4.20647895338015e-06 1.7895073754388983e-08 -1.732689008659201e-08 -8.993538173133614e-08 -9.688078333122739e-08 -1.824218183737539e-08 4.8248302620213406e-08 -6.281983177418348e-08 -7.668831706346232e-08 3.666176784275453e-07
PC13 1.234696954865504e-07 1.8459107715774785e-09 4.4545161028244e-08 -1.6835219741407994e-07 2.309512797370902e-08 -2.382729176471042e-07 -1.5152627241681876e-07 2.680609419727381e-07 -6.446282387394168e-08 -1.2699498297629067e-07 -1.954762329306949e-07 -4.8865133473449635e-08 1.7895073754388933e-08 4.011540597473551e-06 -7.342365847991731e-08 1.9244544732836474e-07 6.300244587050399e-08 2.239548658059772e-08 -1.167892726547069e-07 4.825134389978937e-08 2.7637609565845944e-08 4.209413672173443e-07
PC14 1.2705350627503584e-07 -1.0304870161153538e-07 -1.8099475580727547e-07 -5.358660366590946e-10 -9.132216763771086e-08 3.267306269044471e-08 -2.6879594815034047e-08 -2.5195424089973747e-08 5.8217264922790246e-08 -5.3242952850877604e-08 -1.0562943748267942e-07 -1.0336145309586045e-07 -1.7326890086592014e-08 -7.342365847991735e-08 4.348167242345803e-06 -1.887128715745356e-08 -7.961523038390608e-08 -2.18894209874309e-08 8.10149527614701e-08 1.163473512720673e-07 -1.010558461757363e-08 -7.419625958360134e-08
PC15 -4.7641480587717295e-07 -1.790025195698115e-07 1.1035401689085576e-07 -6.5902461411072506e-09 -3.138368504188774e-08 6.66721453398742e-08 -1.6807470166659007e-08 -1.6820352261992984e-07 -9.102962640036798e-08 3.589958979054075e-08 -7.66407623868364e-08 9.4055490532746e-08 -8.993538173133614e-08 1.9244544732836485e-07 -1.8871287157453644e-08 4.103932934961353e-06 1.3271904060546407e-07 -1.623284015238203e-07 -9.168795392570305e-08 1.0161487766778539e-07 8.176606001233861e-08 7.570503715171821e-07
PC16 -2.0904346671684695e-07 -1.5872758167517929e-07 -1.7246000102951068e-07 3.4334507015044213e-09 5.5932170993922895e-08 -5.2192419063846524e-08 -2.687492165241914e-08 -1.0303172129698661e-07 3.9476615570794145e-08 1.1305701926988843e-07 -1.5647083283063068e-07 1.6315924672832523e-08 -9.68807833312274e-08 6.30024458705039e-08 -7.96152303839061e-08 1.3271904060546415e-07 4.237696570301555e-06 -1.095856830999478e-08 -5.6134188422478255e-08 -1.161220558042838e-07 -6.9845670893593e-08 -8.012647346278407e-07
PC17 2.608420965401661e-07 2.8603175168867504e-08 1.5266732985076127e-07 -1.0237221464391963e-07 3.5881863314772645e-09 2.3478804560042984e-07 2.42751838589354e-07 -3.273093363219069e-08 6.7806446500306e-08 1.3211066574647837e-07 2.6678805199623707e-08 1.6623419699091894e-07 -1.8242181837375296e-08 2.239548658059777e-08 -2.1889420987430935e-08 -1.6232840152382042e-07 -1.0958568309994763e-08 3.86802073181864e-06 -2.2287583574065072e-08 -3.319762419208209e-08 1.7611726457674908e-10 9.261188919381319e-08
PC18 -1.4471652776980937e-07 5.300117173063756e-08 -8.805335705050013e-09 -1.3883047012964264e-07 -7.745323707179468e-08 -1.0422963847101464e-07 -6.184095089506416e-08 6.866569597758449e-08 -3.9808069612144365e-08 -1.639251417714131e-07 1.680087452603459e-07 -1.9470204597596386e-08 4.824830262021346e-08 -1.1678927265470685e-07 8.101495276147018e-08 -9.168795392570302e-08 -5.613418842247818e-08 -2.228758357406506e-08 3.897033204408239e-06 -2.2752808509543504e-09 4.264855224177977e-08 1.1134814513584815e-07
PC19 6.450275499443963e-07 3.1537546975116943e-08 -6.887960100091183e-09 1.1556067539803829e-07 -6.892673913064259e-08 8.80565781063947e-08 -2.3490505888548344e-08 -3.738402056736284e-08 -5.552554514418681e-08 -7.678397030542191e-08 1.4367572925982126e-07 7.622111846047424e-08 -6.281983177418348e-08 4.825134389978935e-08 1.1634735127206725e-07 1.0161487766778533e-07 -1.1612205580428383e-07 -3.3197624192082055e-08 -2.2752808509543773e-09 3.926528500275453e-06 1.0971761631932359e-07 9.444525646488266e-07
PC20 2.7458783289244206e-07 1.7329996619507496e-08 -8.05656380049734e-09 4.136728916954376e-08 -2.4137224421551087e-08 7.148103539132018e-08 -1.0111102193680963e-07 -1.1103921430195682e-07 8.678008229278016e-08 -8.499934488807356e-08 4.430850469629609e-08 1.6164381611221634e-07 -7.668831706346228e-08 2.763760956584592e-08 -1.0105584617573597e-08 8.17660600123386e-08 -6.984567089359309e-08 1.76117264576789e-10 4.264855224177986e-08 1.0971761631932361e-07 3.637301981716721e-06 -2.928518774806896e-07
proband -9.551515966690342e-07 6.162448136675497e-07 2.1234858787467055e-08 5.634373240712999e-07 -8.006163379332814e-08 9.78446534318757e-07 8.888565495685315e-07 -7.907315704863277e-07 4.85709455616533e-08 6.845508149546461e-07 1.237886886480318e-07 -2.5927798888321313e-09 3.666176784275449e-07 4.2094136721734425e-07 -7.419625958360206e-08 7.570503715171821e-07 -8.012647346278401e-07 9.261188919381365e-08 1.1134814513584797e-07 9.444525646488269e-07 -2.928518774806899e-07 0.00020509736192691385
