Estimate Std. Error z value Pr(>|z|)
(Intercept) -1.03277772911879 0.04324399299036 -23.8825709121962 4.64800979671063e-126
covarSEX 1030.18335783599 549.775023433742 1.87382713641983 0.06095425487722
covarYOB 3.12665432598423 11.1978362922995 0.279219506730452 0.780076374521508
covarYOBsq -2.50665293703521 11.1856130904527 -0.224096159661978 0.822682480644915
covarSEX_YOB -2073.65017585116 1097.79552120341 -1.88892205861617 0.0589022732401982
covarSEX_YOBsq 1042.69953151709 548.117383366558 1.90232888640164 0.0571281715280254
covarPC1 0.200631906458978 0.0387689043224317 5.17507290869947 2.27821999676646e-07
covarPC2 0.0127556554972443 0.0364445893562497 0.35000135061357 0.726337684039592
covarPC3 0.127992497128675 0.0388900252583075 3.29113947030245 0.000997824287247064
covarPC4 0.0728077028250512 0.0377983993197116 1.92621127178479 0.054077998951128
covarPC5 -0.0671272729021733 0.0380872438908375 -1.76246076231108 0.0779914802393246
covarPC6 -0.00951321173887083 0.0351160226135124 -0.270908008107109 0.786461785692442
covarPC7 0.0825361141577364 0.0367423796622971 2.24634645105554 0.0246818254182829
covarPC8 -0.0327284958943311 0.0372327301254203 -0.879024873655076 0.379387789374066
covarPC9 0.0434930166093279 0.0370632731541584 1.17348018423592 0.240603298725841
covarPC10 0.0539992959463254 0.0364046437484098 1.48330790762605 0.137992622352152
covarPC11 0.053941089207671 0.0371923912144921 1.45032592544501 0.146967652755142
covarPC12 -0.00208758602878052 0.0360110725433647 -0.0579706707226406 0.953771990597742
covarPC13 -0.0646106931585302 0.0357879885662083 -1.8053736951156 0.0710162245824972
covarPC14 -0.0662806795737477 0.036187718829814 -1.83157937877922 0.0670141114067421
covarPC15 -0.0711347392220253 0.0363449159073285 -1.95721292638022 0.0503224396783335
covarPC16 -0.00973519801733503 0.0363520319157296 -0.267803407520739 0.788850647682367
covarPC17 -0.0113084412804287 0.0359936310172341 -0.31417895224336 0.753385127594049
covarPC18 0.0188467580989931 0.0356322694518889 0.528923876836985 0.596858257787133
covarPC19 0.0445207928609071 0.0360477628495189 1.23505009303237 0.216811861579613
covarPC20 -0.0239312010957302 0.0354097529587149 -0.675836431946648 0.499144501029789
proband 0.113552066023179 0.0344912018293804 3.29220380852176 0.000994055450060123
