 intercept PC1 PC2 PC3 PC4 PC5 PC6 PC7 PC8 PC9 PC10 PC11 PC12 PC13 PC14 PC15 PC16 PC17 PC18 PC19 PC20 proband paternal gpp gmp
intercept 0.0005461150599888484 1.3286484437845263e-06 7.886614578517934e-07 4.797962964125993e-07 1.3053224418754632e-06 -2.2094314186274954e-06 4.318581016987418e-07 1.5489588806811456e-06 -1.4856276833570876e-07 2.06905684715021e-06 -1.4479457863669672e-07 9.794405477882367e-07 -2.077488166960889e-06 1.483238589024356e-06 -1.8991689530904948e-06 -1.8072346702310172e-06 -8.109583266453262e-07 1.33352903070511e-07 -2.028721731602149e-07 2.047307506299822e-06 1.481044485065692e-06 -2.7069023281422794e-06 9.511442763575153e-05 -0.00010971202222734034 4.293561849639959e-06
PC1 1.3286484437845267e-06 1.852514840752799e-06 -1.354330447172437e-06 -1.431159769521169e-07 -7.92423896058872e-08 -1.832215075033668e-07 -4.42987633218334e-08 2.9056300843253167e-08 5.4971274455265007e-08 -1.1780422385102356e-08 1.6079832967749173e-08 -8.19059426115565e-08 5.23130221052687e-07 -2.661879485183267e-08 -2.7373257720260714e-07 -4.790451600561622e-07 -3.9687406062002043e-07 7.31226958818829e-08 2.9799755868756514e-08 1.3363425264408105e-07 -4.073679790533437e-08 1.1654264229600646e-06 2.182843607161928e-06 1.6889341969805603e-06 6.811996336846293e-07
PC2 7.886614578517897e-07 -1.3543304471724378e-06 3.636710764437753e-05 5.43308670415071e-07 1.13467517370879e-06 -7.387103048180962e-07 -2.7994675399737477e-07 -1.6094385365877875e-07 9.633031688573244e-07 -2.872119854863488e-07 2.442652177258e-07 3.3653609185464385e-09 -4.2942116040487986e-07 1.577755534689687e-07 -1.3761384548448032e-07 1.1781082873121736e-07 -1.7812896410961363e-07 3.7744074177354623e-07 -1.1388090034313063e-07 -2.4543208619037875e-07 -1.7763941682317435e-07 1.1675140120585857e-06 2.8597376283791417e-06 -2.792159038483779e-07 -2.9415184812989134e-07
PC3 4.797962964125989e-07 -1.4311597695211685e-07 5.433086704150707e-07 3.674752515970944e-06 7.131463329849681e-08 8.636746597803405e-07 2.7558477644714043e-08 2.867208824247785e-07 -1.7825544876358325e-07 -7.752463079133594e-07 1.7356584718061965e-07 2.8469014456797284e-07 4.939236599515014e-08 -3.395314480385458e-07 2.08450660654788e-07 -1.3932107619105283e-07 -1.075139815156019e-08 -1.81737792355002e-07 -2.1637937459648303e-07 2.5513339538669157e-07 1.1549330808659425e-07 8.671533988804788e-07 1.5786026989427914e-06 2.5477853981208705e-06 -6.046673125697499e-06
PC4 1.3053224418754638e-06 -7.924238960588714e-08 1.1346751737087895e-06 7.131463329849677e-08 6.935916948699448e-06 1.3403574684909953e-06 -1.834346656762361e-07 9.651309181755732e-08 -6.448822648216594e-07 5.119035236626059e-07 1.605346005508673e-07 2.7263796712713877e-07 -6.168033803968891e-07 -1.0665004997958259e-07 -1.25346578830959e-07 -3.7364016110415246e-08 2.0209914934562708e-07 -1.109915312330577e-07 -1.8407182446738574e-07 -8.056656149938861e-08 -4.022262039683323e-08 3.6190915462730735e-06 -3.8677691335285005e-06 6.938654290487742e-06 1.0478937812360748e-06
PC5 -2.2094314186274932e-06 -1.832215075033667e-07 -7.387103048180959e-07 8.636746597803405e-07 1.3403574684909958e-06 1.2564576604993876e-05 3.395296878707313e-07 8.601136648107684e-07 -3.7469989889742187e-07 -3.4552918633170076e-07 -2.2559709432791147e-07 -7.546191281580283e-07 4.96505118635814e-07 -9.541082764681103e-07 4.794455704983635e-07 -7.255008202580196e-08 -5.697752348087354e-08 5.206063442282779e-07 -2.555212271670785e-07 1.0385137191451673e-07 -4.861545523626543e-08 -6.924958926213615e-07 9.718445016430506e-07 9.326237271820095e-08 1.0252294682834787e-06
PC6 4.318581016987422e-07 -4.429876332183343e-08 -2.7994675399737435e-07 2.755847764471397e-08 -1.8343466567623593e-07 3.3952968787073145e-07 1.187720418944471e-05 5.523473845649386e-08 5.51770399873349e-08 3.0427053527548454e-07 1.3582833697560621e-07 -3.7837729218256e-07 -8.429639096217096e-08 -2.678726829471962e-07 -1.418261557259217e-07 -4.386533291213086e-08 -1.4453058968752934e-07 4.3071317633040797e-07 -3.256301676916318e-07 -5.42402531485597e-08 -2.66132180927393e-07 1.299717831238698e-09 -1.4630542766855253e-06 -8.48324910622189e-06 3.489860250548564e-06
PC7 1.548958880681144e-06 2.905630084325309e-08 -1.609438536587786e-07 2.867208824247785e-07 9.651309181755719e-08 8.601136648107687e-07 5.523473845649373e-08 9.613326929141983e-06 3.637295791692108e-07 -2.8989176135940544e-07 -1.7103164436792753e-07 6.825669516335395e-07 1.0725872525005093e-07 5.951070608881861e-07 -1.5532169674961908e-07 -2.403817500281494e-07 -3.187354011499801e-07 -1.848385658102827e-07 1.6260450943012326e-07 5.1896935417599234e-08 -1.4835149486748085e-07 -1.7549728618172155e-06 -3.0159889853812924e-08 1.2203085426049245e-06 -4.062669030778401e-07
PC8 -1.485627683357098e-07 5.4971274455265e-08 9.633031688573244e-07 -1.7825544876358325e-07 -6.448822648216595e-07 -3.746998988974221e-07 5.517703998733492e-08 3.637295791692107e-07 1.02672548277e-05 3.116632747625909e-07 6.65496026913761e-08 -6.06396115945367e-07 4.5787787156011254e-08 1.344166286097777e-07 -6.135313341407055e-09 -1.8807465480777674e-07 1.6339423411089346e-07 6.610898405876803e-08 -2.612663950111605e-07 -2.8728795827192784e-07 3.174769035609627e-07 3.776176800872003e-07 2.7475633770649935e-06 -2.0214052029630215e-07 -1.8922464118467051e-06
PC9 2.0690568471502108e-06 -1.1780422385102303e-08 -2.8721198548634884e-07 -7.752463079133595e-07 5.119035236626061e-07 -3.4552918633170113e-07 3.042705352754844e-07 -2.8989176135940555e-07 3.1166327476259064e-07 9.291746628649678e-06 -3.0863322784814154e-07 -1.3545877617626994e-07 -1.4750402558142722e-07 -2.3268581391639505e-07 -3.627921867685334e-07 2.2469144365288736e-08 2.519445568756989e-07 2.0249688901046484e-07 -4.886007784437173e-07 -2.253276682013778e-07 -2.9203128527610887e-07 2.1982956912775108e-06 8.651424610724248e-08 -6.484866276229516e-06 1.3737062603940301e-06
PC10 -1.4479457863669555e-07 1.607983296774932e-08 2.442652177257997e-07 1.7356584718061951e-07 1.605346005508671e-07 -2.255970943279119e-07 1.3582833697560635e-07 -1.710316443679275e-07 6.654960269137625e-08 -3.086332278481417e-07 9.482160016595748e-06 -2.960452633992869e-07 1.0029550043546154e-07 -2.539998839588801e-07 -1.659090712701278e-07 2.3404400720821706e-07 -8.790442287063605e-08 -2.0230074567928644e-07 2.4215568334008707e-07 3.5356480202938336e-07 -6.08203020427032e-08 1.1893943891475267e-06 -7.579125700567176e-07 -1.5183846643804703e-06 2.309220775801405e-06
PC11 9.794405477882359e-07 -8.190594261155648e-08 3.365360918546042e-09 2.8469014456797284e-07 2.7263796712713856e-07 -7.54619128158028e-07 -3.7837729218255964e-07 6.825669516335397e-07 -6.063961159453669e-07 -1.3545877617626992e-07 -2.9604526339928686e-07 8.922754144366098e-06 -1.5706454155823938e-07 -8.259040493515321e-08 -1.7166312302888559e-07 1.46659713904205e-07 1.4296848594129447e-08 1.689520155602161e-07 -3.0631484602435865e-08 1.7366083885505652e-07 3.582289964562227e-07 -1.2815706181753916e-07 2.27067020827659e-06 2.2069659926381345e-07 5.149385865867032e-06
PC12 -2.077488166960887e-06 5.231302210526867e-07 -4.294211604048792e-07 4.93923659951502e-08 -6.16803380396889e-07 4.965051186358137e-07 -8.429639096217077e-08 1.0725872525005098e-07 4.57877871560111e-08 -1.4750402558142722e-07 1.0029550043546168e-07 -1.5706454155823946e-07 8.3887703280756e-06 9.038360338498394e-08 -2.552637324375321e-08 -4.64515728141227e-07 -2.1634922643676825e-07 8.775147892317703e-08 -1.2485442478381424e-07 1.3445332382245748e-07 -1.0267618268024178e-07 2.070146235848597e-07 2.9696538530388533e-06 -1.0949828925538017e-06 2.510581390411403e-07
PC13 1.4832385890243562e-06 -2.661879485183273e-08 1.577755534689688e-07 -3.395314480385459e-07 -1.0665004997958243e-07 -9.541082764681096e-07 -2.678726829471962e-07 5.951070608881858e-07 1.344166286097777e-07 -2.32685813916395e-07 -2.5399988395888007e-07 -8.259040493515313e-08 9.038360338498398e-08 7.859527613325832e-06 -3.68540320457567e-07 5.309996008158097e-07 1.0408933533056538e-07 1.212401648105067e-07 -2.2303752879907923e-07 4.495551176918669e-08 1.2071002288879702e-07 4.2502441128719255e-07 -7.615114734905006e-07 -2.4210768406978567e-06 -1.0921039171396906e-06
PC14 -1.8991689530904937e-06 -2.7373257720260693e-07 -1.376138454844806e-07 2.0845066065478802e-07 -1.2534657883095912e-07 4.794455704983633e-07 -1.4182615572592145e-07 -1.5532169674961918e-07 -6.135313341407055e-09 -3.6279218676853335e-07 -1.659090712701274e-07 -1.716631230288856e-07 -2.5526373243753172e-08 -3.6854032045756687e-07 8.688239744021987e-06 2.8439396396455734e-08 1.3617872850839435e-07 -4.415898728804842e-08 1.4426890063650734e-07 1.0539752071002891e-07 -8.25682787544492e-08 4.505748690207772e-07 2.446567775731826e-06 8.706464755641463e-07 -3.5237151982575168e-06
PC15 -1.8072346702310155e-06 -4.790451600561622e-07 1.1781082873121696e-07 -1.393210761910528e-07 -3.736401611041513e-08 -7.255008202580174e-08 -4.386533291213092e-08 -2.403817500281493e-07 -1.8807465480777677e-07 2.246914436528876e-08 2.3404400720821714e-07 1.4665971390420517e-07 -4.645157281412269e-07 5.309996008158092e-07 2.843939639645571e-08 8.493027752070234e-06 2.9206826483924527e-07 -4.970390642157411e-07 -1.2059166690710286e-07 -9.089623757841467e-08 2.3665572445058693e-07 -2.23085599460092e-07 -3.349941943038419e-06 7.308389090370427e-06 -2.3060332996139416e-06
PC16 -8.109583266453264e-07 -3.9687406062002027e-07 -1.7812896410961432e-07 -1.0751398151560213e-08 2.020991493456271e-07 -5.6977523480873514e-08 -1.4453058968752947e-07 -3.187354011499802e-07 1.6339423411089346e-07 2.5194455687569895e-07 -8.790442287063614e-08 1.429684859412945e-08 -2.1634922643676796e-07 1.0408933533056526e-07 1.3617872850839424e-07 2.9206826483924485e-07 8.660566106919173e-06 -2.7611821118748247e-07 2.8057910923069672e-08 -4.81569614463114e-07 6.950279697655533e-08 1.0929450497875035e-06 -2.5958537337276667e-06 2.261560254143883e-06 3.21229753438491e-06
PC17 1.3335290307050904e-07 7.312269588188286e-08 3.7744074177354613e-07 -1.81737792355002e-07 -1.1099153123305763e-07 5.206063442282778e-07 4.3071317633040765e-07 -1.8483856581028285e-07 6.610898405876796e-08 2.02496889010465e-07 -2.023007456792863e-07 1.6895201556021607e-07 8.775147892317702e-08 1.2124016481050664e-07 -4.4158987288048315e-08 -4.970390642157411e-07 -2.7611821118748257e-07 7.895967725338423e-06 1.357284683181447e-07 -1.5496303328293235e-07 4.5600056095339285e-08 -1.5766160552573155e-06 -1.5765567328917874e-06 1.8782030560497148e-06 -9.952158942672748e-07
PC18 -2.028721731602156e-07 2.97997558687565e-08 -1.1388090034313083e-07 -2.163793745964831e-07 -1.8407182446738572e-07 -2.5552122716707815e-07 -3.2563016769163195e-07 1.6260450943012324e-07 -2.6126639501116046e-07 -4.886007784437177e-07 2.42155683340087e-07 -3.063148460243603e-08 -1.2485442478381416e-07 -2.2303752879907915e-07 1.4426890063650724e-07 -1.2059166690710286e-07 2.805791092306958e-08 1.3572846831814456e-07 7.912996542283692e-06 -1.2272652110129865e-07 1.418314901678557e-07 1.5652612206851258e-06 3.6753755589159946e-06 -1.0700692637128101e-06 -7.289658615985851e-06
PC19 2.047307506299822e-06 1.336342526440813e-07 -2.454320861903789e-07 2.5513339538669173e-07 -8.056656149938861e-08 1.0385137191451689e-07 -5.4240253148559434e-08 5.1896935417599254e-08 -2.872879582719281e-07 -2.2532766820137798e-07 3.5356480202938336e-07 1.7366083885505658e-07 1.3445332382245742e-07 4.495551176918667e-08 1.0539752071002884e-07 -9.089623757841468e-08 -4.815696144631139e-07 -1.5496303328293222e-07 -1.227265211012989e-07 7.878480400798518e-06 3.875630339876236e-07 1.0746530142301076e-06 -1.569694363626997e-06 3.4131106954950924e-06 -2.1935147419189065e-06
PC20 1.4810444850656918e-06 -4.0736797905334325e-08 -1.7763941682317462e-07 1.1549330808659405e-07 -4.0222620396833235e-08 -4.8615455236265605e-08 -2.6613218092739285e-07 -1.483514948674809e-07 3.1747690356096287e-07 -2.9203128527610876e-07 -6.082030204270345e-08 3.5822899645622265e-07 -1.0267618268024199e-07 1.207100228887973e-07 -8.25682787544493e-08 2.36655724450587e-07 6.950279697655549e-08 4.560005609533906e-08 1.418314901678557e-07 3.875630339876238e-07 7.228361314325983e-06 1.0282540275192477e-06 8.933652406151269e-07 -3.905639932948087e-06 -1.5502740745549927e-07
proband -2.7069023281422912e-06 1.1654264229600663e-06 1.1675140120585813e-06 8.671533988804799e-07 3.6190915462730756e-06 -6.924958926213612e-07 1.2997178312371239e-09 -1.754972861817215e-06 3.7761768008720063e-07 2.1982956912775108e-06 1.1893943891475257e-06 -1.2815706181753996e-07 2.0701462358485998e-07 4.2502441128719175e-07 4.505748690207776e-07 -2.2308559946009135e-07 1.0929450497875022e-06 -1.576616055257315e-06 1.5652612206851239e-06 1.074653014230111e-06 1.0282540275192472e-06 0.0004951704511849517 -0.00022983159096941216 -1.4151086248562505e-05 1.1518524925353529e-05
paternal 9.511442763575162e-05 2.1828436071619256e-06 2.8597376283791493e-06 1.578602698942792e-06 -3.867769133528511e-06 9.718445016430466e-07 -1.4630542766855173e-06 -3.015988985381656e-08 2.7475633770649897e-06 8.651424610723903e-08 -7.579125700567239e-07 2.270670208276599e-06 2.969653853038856e-06 -7.615114734904977e-07 2.44656777573182e-06 -3.3499419430384177e-06 -2.5958537337276663e-06 -1.576556732891792e-06 3.675375558915999e-06 -1.5696943636269924e-06 8.933652406151309e-07 -0.00022983159096941192 0.0019028837733788837 -0.0014259603558148624 -0.001147637547466062
gpp -0.00010971202222734034 1.6889341969805624e-06 -2.792159038483728e-07 2.5477853981208697e-06 6.9386542904877505e-06 9.326237271820304e-08 -8.483249106221909e-06 1.2203085426049254e-06 -2.0214052029630262e-07 -6.484866276229507e-06 -1.5183846643804648e-06 2.206965992638154e-07 -1.0949828925538038e-06 -2.4210768406978605e-06 8.70646475564149e-07 7.308389090370423e-06 2.2615602541438814e-06 1.878203056049717e-06 -1.0700692637128114e-06 3.4131106954950843e-06 -3.905639932948091e-06 -1.4151086248562873e-05 -0.0014259603558148617 0.003393729182763918 -0.0005239455115548556
gmp 4.293561849639861e-06 6.811996336846289e-07 -2.9415184812989965e-07 -6.0466731256975e-06 1.0478937812360837e-06 1.0252294682834832e-06 3.489860250548567e-06 -4.0626690307783607e-07 -1.8922464118466994e-06 1.3737062603940274e-06 2.3092207758014104e-06 5.149385865867024e-06 2.5105813904114034e-07 -1.0921039171396904e-06 -3.5237151982575096e-06 -2.3060332996139416e-06 3.2122975343849103e-06 -9.9521589426727e-07 -7.289658615985856e-06 -2.1935147419189107e-06 -1.550274074555009e-07 1.1518524925353634e-05 -0.0011476375474660627 -0.0005239455115548551 0.0027926943569969317
