 intercept PC1 PC2 PC3 PC4 PC5 PC6 PC7 PC8 PC9 PC10 PC11 PC12 PC13 PC14 PC15 PC16 PC17 PC18 PC19 PC20 proband
intercept 0.000315929149997411 3.1093543556776567e-07 -1.7754574485037457e-06 -3.505858810775331e-07 2.3684737211278016e-07 -2.899825836822529e-07 -6.248862558481455e-07 7.33617038769223e-07 -2.7529390122048914e-08 7.05430655854545e-07 -2.769822136024064e-07 -6.676018807934408e-07 1.1411142052528733e-07 1.1594742742662559e-07 1.5801744533405884e-07 -4.0260297325537387e-07 -6.055115211179086e-08 2.632722308685346e-07 7.131755852815259e-09 4.938278056442753e-07 4.5779453049108524e-07 1.7581646320988724e-06
PC1 3.109354355677653e-07 9.8492819555345e-07 -5.539445652673221e-07 6.348851231030076e-08 -4.4755442638022235e-08 -4.391453300931482e-08 -1.3002162035553296e-08 4.378690147231143e-08 9.422132041072507e-08 -2.7387945380507015e-08 3.0218549062356646e-08 -3.7669182091141946e-08 1.9287993274839083e-07 6.163527389641516e-09 -8.737259316157899e-08 -1.4892090530613747e-07 -1.21634968910054e-07 1.6201261099881468e-08 4.4874038479184194e-08 2.6230709119673303e-08 2.2078092385271332e-08 8.932752856328282e-07
PC2 -1.7754574485037483e-06 -5.53944565267322e-07 1.5321653953965528e-05 1.5985192099520434e-07 4.657577476651873e-07 -2.455585550874704e-07 -5.2116894230980824e-08 5.904116586412766e-08 9.058165812084062e-08 1.4663127929314176e-07 9.172852142610144e-09 9.56325328403712e-08 -3.803634640004026e-08 1.6524394787613715e-08 -1.7002323386273248e-07 8.034816678472371e-08 -1.247652653991844e-07 1.3050082981669924e-07 -2.0057111664337438e-08 3.5297572752775596e-08 2.152732909596731e-08 1.0191671215852335e-06
PC3 -3.5058588107753306e-07 6.348851231030074e-08 1.5985192099520442e-07 2.0266675308582495e-06 8.941089721635001e-09 2.1984448996761552e-07 4.876763745013456e-09 4.824269148863688e-08 -6.299644900138759e-08 -2.639898935979427e-07 3.328690986180838e-08 1.006152033386886e-07 6.736055034009588e-08 -1.266029683879172e-07 8.61227512970672e-09 -2.610744110664525e-08 -5.095657091059544e-10 -7.701508016535022e-08 -1.1209708333471851e-07 8.088974681495835e-08 2.787158149521228e-08 2.3349427542129026e-07
PC4 2.3684737211277985e-07 -4.4755442638022275e-08 4.6575774766518746e-07 8.941089721635019e-09 3.260254704079887e-06 3.2775162603425695e-07 -1.874060967494538e-07 -2.7133589250122746e-08 -2.541410063677138e-07 2.1211432059941124e-07 9.354506556871929e-08 7.608763740714504e-08 -1.8218638645788397e-07 5.4815920416164407e-08 -4.449966966862847e-08 -5.638162318335972e-09 2.4738145320333788e-08 -2.1087909810357202e-08 -3.297626298892104e-08 -6.119523340820104e-08 -2.9019039320518573e-08 1.9648422960040623e-06
PC5 -2.899825836822536e-07 -4.391453300931488e-08 -2.455585550874701e-07 2.1984448996761539e-07 3.277516260342569e-07 4.822297804844605e-06 2.1101188723874825e-08 3.554273430443215e-07 8.903290714851134e-08 -4.627471085875939e-08 -3.797578818084366e-08 -2.286706412736284e-07 1.4490157710594885e-07 -1.5996070489626867e-07 4.076207201929904e-08 3.915182206810304e-08 -3.8032529856345564e-08 1.6381913627740394e-07 -8.195259359989139e-08 5.7814943780683894e-08 7.00869517283158e-08 -2.22187731190499e-07
PC6 -6.248862558481459e-07 -1.300216203555332e-08 -5.211689423098083e-08 4.8767637450134355e-09 -1.874060967494536e-07 2.110118872387478e-08 5.287151241731665e-06 -1.958413810651152e-08 1.4023539881792958e-08 1.7035167489577444e-08 1.2799510142382726e-08 -1.2397008914512803e-07 1.7292981360446482e-08 -1.1285194405340269e-07 -2.3160654037351625e-08 -6.9995414469936626e-09 -1.9821993468304527e-08 2.1304081405827899e-07 -5.650646330964401e-08 -1.1111662120070716e-08 -9.503956092979537e-08 -2.0964700065301608e-08
PC7 7.336170387692223e-07 4.3786901472311446e-08 5.904116586412757e-08 4.8242691488636864e-08 -2.713358925012274e-08 3.5542734304432137e-07 -1.9584138106511484e-08 4.472002617454462e-06 1.583078954069877e-07 -7.385048867286084e-08 -3.0165179068096234e-08 2.463227672714111e-07 6.41860092508456e-08 1.9048316717646467e-07 1.1479237496716747e-08 -1.22416609835655e-07 -5.5002827140719464e-08 -1.4054742315838642e-08 4.5546660184335275e-08 -2.4468987282369277e-08 -8.153985714308426e-08 -1.3853041203970755e-07
PC8 -2.752939012204856e-08 9.422132041072509e-08 9.058165812084074e-08 -6.299644900138756e-08 -2.541410063677137e-07 8.90329071485114e-08 1.4023539881793006e-08 1.5830789540698772e-07 4.467511405834273e-06 2.0045062710118734e-09 5.757997826044958e-08 -1.7391419212990776e-07 1.1339562149399044e-07 -6.233625743851184e-08 4.1608214253978495e-08 -5.601477550933801e-08 3.299966614818385e-08 3.813457315632676e-08 -2.983861020883128e-08 -5.8189336510894963e-08 6.823272243155471e-08 2.820496095757397e-07
PC9 7.05430655854545e-07 -2.7387945380507015e-08 1.466312792931417e-07 -2.639898935979427e-07 2.1211432059941135e-07 -4.627471085875952e-08 1.7035167489577497e-08 -7.385048867286083e-08 2.0045062710118883e-09 4.218611101958844e-06 -3.038834507647195e-08 -9.623993279447811e-08 -1.9741715124922528e-08 -8.78646139604589e-08 -2.214322178306906e-08 5.30183608374479e-08 1.1047169682804602e-07 1.1104032154499599e-07 -1.734835826517845e-07 -6.59080919600239e-08 -5.444558547819836e-08 4.867964235559356e-07
PC10 -2.769822136024059e-07 3.021854906235662e-08 9.172852142609906e-09 3.328690986180841e-08 9.35450655687193e-08 -3.797578818084366e-08 1.2799510142382665e-08 -3.016517906809616e-08 5.75799782604495e-08 -3.0388345076471876e-08 3.893041680454133e-06 -1.3767023529753543e-07 7.994558855931761e-08 -1.3322479416599858e-07 -7.805639370068484e-08 -7.469886490831887e-08 -1.1716063496970867e-07 3.0132759733522196e-08 1.278800590135233e-07 1.2452880825645853e-07 8.052708282395928e-09 4.488242065787034e-07
PC11 -6.676018807934416e-07 -3.766918209114191e-08 9.56325328403712e-08 1.0061520333868861e-07 7.608763740714516e-08 -2.2867064127362827e-07 -1.2397008914512803e-07 2.463227672714111e-07 -1.739141921299077e-07 -9.623993279447812e-08 -1.376702352975353e-07 3.868706103948045e-06 -7.197435757169904e-08 -2.8876120125358453e-08 -7.147765081569928e-08 8.950685378497957e-08 2.343800294157825e-08 1.1976195857765772e-07 -2.782156199801951e-08 4.700457650698403e-08 1.455054166873754e-07 8.36998423651052e-07
PC12 1.1411142052528704e-07 1.9287993274839086e-07 -3.803634640004036e-08 6.736055034009588e-08 -1.82186386457884e-07 1.4490157710594882e-07 1.7292981360446442e-08 6.418600925084572e-08 1.1339562149399044e-07 -1.9741715124922498e-08 7.994558855931773e-08 -7.197435757169899e-08 3.7630707138292287e-06 -2.7620608255913936e-08 -1.7862373728330132e-08 -1.0868956169155441e-07 -7.562857225448077e-08 1.3358209919887427e-08 1.8920612734184213e-08 -2.8515462786794542e-09 -4.3492333315823646e-08 1.8604327580831262e-07
PC13 1.1594742742662651e-07 6.163527389641529e-09 1.652439478761366e-08 -1.2660296838791722e-07 5.481592041616441e-08 -1.5996070489626872e-07 -1.1285194405340267e-07 1.9048316717646467e-07 -6.233625743851178e-08 -8.786461396045893e-08 -1.3322479416599868e-07 -2.8876120125358443e-08 -2.762060825591398e-08 3.5810996918287037e-06 -6.262846765115055e-08 1.5225673729540982e-07 3.340138364325421e-08 1.033485359667992e-08 -6.852292760971622e-08 1.3261392444223727e-08 4.507816671613128e-08 -1.572773262267393e-07
PC14 1.5801744533405934e-07 -8.737259316157898e-08 -1.700232338627325e-07 8.612275129706822e-09 -4.4499669668628504e-08 4.0762072019299064e-08 -2.316065403735162e-08 1.1479237496716812e-08 4.160821425397852e-08 -2.2143221783069098e-08 -7.805639370068485e-08 -7.147765081569932e-08 -1.786237372833006e-08 -6.262846765115063e-08 3.829578840947166e-06 2.1192271422603957e-08 -7.473204939709215e-08 -1.8535525936413587e-08 6.490045178575186e-08 1.0435461289146379e-07 2.393440230497765e-08 -2.2340010214322795e-08
PC15 -4.02602973255374e-07 -1.489209053061375e-07 8.034816678472395e-08 -2.610744110664521e-08 -5.638162318335971e-09 3.915182206810302e-08 -6.999541446993748e-09 -1.2241660983565506e-07 -5.601477550933804e-08 5.301836083744803e-08 -7.469886490831889e-08 8.950685378497961e-08 -1.0868956169155445e-07 1.522567372954098e-07 2.119227142260393e-08 3.6367514335051776e-06 7.333265219680312e-08 -1.1285046188193514e-07 -5.1369540274770144e-08 7.264914192792882e-08 7.774101395264793e-08 -2.0327200275079667e-07
PC16 -6.055115211179111e-08 -1.2163496891005395e-07 -1.2476526539918424e-07 -5.095657091059772e-10 2.4738145320333815e-08 -3.8032529856345624e-08 -1.9821993468304652e-08 -5.500282714071942e-08 3.2999666148183885e-08 1.1047169682804594e-07 -1.1716063496970867e-07 2.343800294157833e-08 -7.562857225448077e-08 3.340138364325419e-08 -7.473204939709209e-08 7.333265219680315e-08 3.74752205438322e-06 1.8355125921379638e-08 -3.977947490690292e-08 -9.92771693457053e-08 -6.358963857937118e-08 -7.980933669829879e-08
PC17 2.6327223086853455e-07 1.62012610998815e-08 1.305008298166992e-07 -7.701508016535013e-08 -2.1087909810357166e-08 1.6381913627740378e-07 2.1304081405827883e-07 -1.4054742315838634e-08 3.81345731563267e-08 1.1104032154499592e-07 3.013275973352225e-08 1.1976195857765772e-07 1.3358209919887487e-08 1.0334853596679948e-08 -1.8535525936413524e-08 -1.1285046188193526e-07 1.835512592137972e-08 3.443481038633582e-06 -9.055335810643077e-09 -1.3673222587122389e-08 1.900090925763026e-08 -4.893180386815115e-07
PC18 7.131755852815935e-09 4.4874038479184175e-08 -2.0057111664337415e-08 -1.1209708333471854e-07 -3.297626298892107e-08 -8.195259359989136e-08 -5.6506463309643954e-08 4.554666018433524e-08 -2.983861020883134e-08 -1.734835826517845e-07 1.2788005901352334e-07 -2.7821561998019622e-08 1.8920612734184177e-08 -6.85229276097163e-08 6.49004517857519e-08 -5.136954027477006e-08 -3.977947490690291e-08 -9.055335810643095e-09 3.4625190770089755e-06 -3.1618033633438673e-08 3.5791021735820925e-08 2.1990440421870866e-07
PC19 4.938278056442749e-07 2.6230709119673267e-08 3.5297572752775675e-08 8.088974681495835e-08 -6.119523340820102e-08 5.7814943780683854e-08 -1.1111662120070702e-08 -2.44689872823693e-08 -5.818933651089493e-08 -6.590809196002387e-08 1.2452880825645856e-07 4.7004576506984e-08 -2.8515462786793893e-09 1.3261392444223706e-08 1.0435461289146371e-07 7.264914192792876e-08 -9.927716934570529e-08 -1.367322258712246e-08 -3.1618033633438687e-08 3.4536503338300214e-06 8.250881719509877e-08 3.804737386975481e-07
PC20 4.5779453049108513e-07 2.2078092385271276e-08 2.1527329095967212e-08 2.78715814952123e-08 -2.9019039320518603e-08 7.008695172831586e-08 -9.503956092979528e-08 -8.153985714308417e-08 6.823272243155472e-08 -5.4445585478198327e-08 8.052708282395993e-09 1.4550541668737542e-07 -4.349233331582369e-08 4.507816671613116e-08 2.3934402304977697e-08 7.774101395264787e-08 -6.358963857937121e-08 1.900090925763025e-08 3.5791021735820945e-08 8.250881719509878e-08 3.234447752217758e-06 1.5027990138793008e-07
proband 1.7581646320988714e-06 8.932752856328279e-07 1.0191671215852332e-06 2.3349427542128987e-07 1.9648422960040636e-06 -2.2218773119049939e-07 -2.0964700065301393e-08 -1.385304120397076e-07 2.820496095757397e-07 4.867964235559357e-07 4.4882420657870326e-07 8.369984236510513e-07 1.8604327580831267e-07 -1.5727732622673932e-07 -2.2340010214322513e-08 -2.0327200275079675e-07 -7.98093366982987e-08 -4.893180386815115e-07 2.1990440421870856e-07 3.80473738697548e-07 1.5027990138793e-07 0.0001803828652157912
