Estimate Std. Error z value Pr(>|z|)
(Intercept) -1.6625773444999 0.119202893405045 -13.9474579601902 3.26019689288723e-44
covarSEX -544.738569189099 1699.32595582549 -0.320561554021858 0.748542676588573
covarYOB 147.732779980311 34.831401911105 4.24136761297601 2.22161916179469e-05
covarYOBsq -147.639532002796 34.6838259598002 -4.25672566152062 2.07442644560861e-05
covarSEX_YOB 1106.64785989083 3388.4245929687 0.326596572987704 0.74397303588704
covarSEX_YOBsq -562.335854003365 1689.43691603974 -0.332854011099481 0.739244485595886
covarPC1 0.0915622510981266 0.0627023831116155 1.46026748194144 0.144216575399627
covarPC2 -0.0972579729919082 0.0587556804159823 -1.65529481240511 0.0978647107177033
covarPC3 0.0847549787452482 0.0625499728973783 1.35499625050678 0.1754187516385
covarPC4 0.0395360926567082 0.0640299515308992 0.617462479846313 0.536929721865257
covarPC5 -0.0168832529112213 0.0679068652332153 -0.248623653193803 0.803651910293567
covarPC6 0.00145562717705024 0.055387850985021 0.0262806220346751 0.979033510949338
covarPC7 0.063328706194825 0.0572584500187513 1.10601502789695 0.268720014898076
covarPC8 -0.0650149289004103 0.0598239992591665 -1.08677002048552 0.277138460083679
covarPC9 0.02204591375267 0.057596274255618 0.382766316703542 0.701893038336492
covarPC10 -0.0603630373489945 0.060469539009421 -0.998238755211779 0.318163597806572
covarPC11 0.0221781759879528 0.0599640958365745 0.369857590255291 0.711488602216224
covarPC12 0.00899528758074557 0.0573149535173864 0.156944863926599 0.875288301656662
covarPC13 -0.00922030747031778 0.0567734688807343 -0.162405215888554 0.870986763682716
covarPC14 0.0721468576510277 0.0580426265454276 1.2429978094558 0.213868640681986
covarPC15 0.00982464164059308 0.0588535715307009 0.166933652199307 0.867422254030435
covarPC16 -0.00910973125247845 0.0589227244226026 -0.154604719006916 0.877132949504374
covarPC17 -0.0761246714261166 0.0591413852123649 -1.28716416013538 0.198037076297861
covarPC18 0.0241273900803504 0.0566789563588447 0.425685150721469 0.670337283756584
covarPC19 0.0115712587267232 0.0575100289127846 0.201204188999302 0.840538916127517
covarPC20 0.000478274240384163 0.0566909429245065 0.00843651941053557 0.99326871126527
proband 0.0901443789148034 0.0621077879984257 1.45141828134482 0.146663422208567
paternal -0.149861331315942 0.110907240238907 -1.35123127212546 0.176621359999226
gpp 0.175096898526551 0.16192473684779 1.08134743298143 0.279542595395717
gmp 0.063032851743581 0.14458567915199 0.435955013755687 0.662869369201339
