Estimate Std. Error z value Pr(>|z|)
(Intercept) -4.19234061445989 0.232323588791975 -18.0452645220359 8.5951971458996e-73
covarage 0.159904048132588 0.26572930559318 0.601755413373165 0.547336958130087
covarsex -0.548999811311553 0.406165736973745 -1.35166450868563 0.176482663670094
covarage_sex 0.476986061934125 0.634458176300533 0.751800638326369 0.452170958089016
covarPC_3 -0.213685193218422 0.119379356483372 -1.78996770893288 0.0734591026664738
covarPC_4 0.323422848836214 0.115605106488752 2.79765192610831 0.00514755522124542
proband -0.0194394838103228 0.170355136176754 -0.114111521651764 0.909149388929238
paternal 0.118758265522821 0.295461957816278 0.401940968646349 0.687727470903815
maternal 0.37196826076403 0.277598267729519 1.33995166398683 0.180261059964409
gpp -0.178727172503269 0.541843724906404 -0.329850036621061 0.741513277454151
gpm 0.132333217967035 0.485774066017816 0.272417214553774 0.785301237755605
gmp -0.366033472932364 0.366311966541723 -0.999239736522973 0.317678570730837
gmm 0.415777983672438 0.366096751084854 1.13570519935062 0.256079963850687
