Estimate Std. Error z value Pr(>|z|)
(Intercept) -0.333250049441139 0.0559126158859568 -5.96019420949394 2.51938333454069e-09
covarSEX 767.730650974075 1669.71809064246 0.459796570017801 0.645662245422959
covarYOB -23.8682482851008 23.7792445220888 -1.00374291802792 0.315502544554169
covarYOBsq 23.6434202058285 23.7810658480742 0.994211964967211 0.320119684224273
covarSEX_YOB -1533.44238460295 3341.13562833462 -0.458958436646072 0.646264013442598
covarSEX_YOBsq 765.879487276537 1671.51236787487 0.458195525199888 0.646811974471342
covarPC1 0.0968719858691754 0.0591705437332571 1.63716572059702 0.10159584748319
covarPC2 -0.0276224558235052 0.0533686012107172 -0.517578785968972 0.604752186151825
covarPC3 0.0752217281510676 0.0591990642929197 1.27065738368544 0.203850562772622
covarPC4 -0.0071154474100268 0.0575448137775291 -0.123650541950408 0.901591972830899
covarPC5 -0.128143586760906 0.0559456420942349 -2.29050167205268 0.0219922517601574
covarPC6 -0.0105805836233323 0.0526455024345948 -0.200977920886543 0.84071583839598
covarPC7 0.0280260884449265 0.0539494624298695 0.51948781660908 0.603420606775084
covarPC8 -0.021883775649663 0.0537869891666102 -0.406860023004373 0.684110799027072
covarPC9 -0.083514364357666 0.0539381662527043 -1.54833525423158 0.121541600730117
covarPC10 -0.0571082108687866 0.0523956572611634 -1.08994168322259 0.275738833510394
covarPC11 0.119688134342057 0.0543072811995655 2.20390584279543 0.0275309665686116
covarPC12 -0.0319444034867364 0.05375231137962 -0.594288927617131 0.552318883006988
covarPC13 -0.0598438136787718 0.0536654899202414 -1.11512656956477 0.264796187203253
covarPC14 0.00268948522149148 0.053012419043851 0.050733116315005 0.959538187614754
covarPC15 -0.0316547823870872 0.0536739726604636 -0.589760377666329 0.555351310000265
covarPC16 -0.00749979243427305 0.0530472316327605 -0.141379525442406 0.88757012812667
covarPC17 -0.0321068227337188 0.0531765089362039 -0.603778310686726 0.545991041364142
covarPC18 -0.049025163710035 0.0531353456259226 -0.922646933647075 0.356191228658161
covarPC19 0.0537632074270392 0.0527508722780296 1.01919087031725 0.308112360102437
covarPC20 0.000166517574593796 0.0528383200840701 0.00315145474588997 0.997485507076371
proband 0.073223692256809 0.0684091493219259 1.07037864061467 0.284448909572032
paternal -0.012275559540267 0.0656763416254177 -0.186909916668016 0.85173126384498
maternal 0.0971670207802628 0.0643490480942122 1.50999934976509 0.131043590095691
