Estimate Std. Error z value Pr(>|z|)
(Intercept) -1.88670043168835 0.0675656131526429 -27.9239740994572 1.36524078196563e-171
covarSEX 977.720510227465 2111.05971748446 0.463142042894228 0.643262555880564
covarYOB -4.96349733028124 31.8312138874854 -0.15593176395427 0.876086807528608
covarYOBsq 4.82642901948152 31.8439219295473 0.151565156771823 0.879529916714356
covarSEX_YOB -1954.95890919294 4225.88111084736 -0.462615690766781 0.643639859661586
covarSEX_YOBsq 977.4851128455 2114.94058135037 0.46218088652939 0.643951608685417
covarPC1 -0.0418937100309188 0.0684849084467659 -0.611721779017683 0.540721849901117
covarPC2 0.00850201547616754 0.0664802632132408 0.127887813092686 0.898237755591307
covarPC3 0.0813376399943298 0.068928019483065 1.18003738689045 0.237985345491084
covarPC4 -0.0123361639747076 0.0680559691466199 -0.181264981299885 0.85615959154452
covarPC5 0.172249304476821 0.0686591029647859 2.50876135922086 0.0121155303603196
covarPC6 -0.0356392789055412 0.0651515697415641 -0.547021031832556 0.584364282973614
covarPC7 0.0724160192850093 0.0673905677315238 1.07457203170489 0.282566379189384
covarPC8 0.0668569047224535 0.0673119012899063 0.993240473694345 0.320592778665549
covarPC9 0.0187555865361178 0.0656887028331802 0.285522254621903 0.775244056962057
covarPC10 -0.118134062546547 0.0664107224489108 -1.7788401961359 0.0752659650558809
covarPC11 -0.0280955817784144 0.0659968872545491 -0.425710710719585 0.670318656464176
covarPC12 -0.0389267617844199 0.0659656004427097 -0.590106987932708 0.555118924236384
covarPC13 -0.105354304558025 0.0667619819604526 -1.57805837191043 0.114552200411373
covarPC14 -0.0435856273665293 0.0653539094169048 -0.6669169106394 0.504825208555131
covarPC15 -0.129381817651659 0.0665623398114859 -1.94376907449597 0.0519233046451946
covarPC16 -0.154227921099219 0.0659143489262791 -2.33982317373282 0.0192928718771696
covarPC17 0.0854441576356171 0.0661074179769228 1.29250483910058 0.196182371193883
covarPC18 -0.031924704493995 0.0660586716730062 -0.48327802672182 0.628898339755618
covarPC19 -0.0472986221214529 0.065390394586505 -0.723326758013083 0.469479157180658
covarPC20 -0.0461642448157776 0.0657398007231508 -0.702226722745761 0.482537782932141
proband 0.0231200160857866 0.088891154484649 0.26009355171306 0.794791611794427
paternal 0.0415371982375452 0.0785505619552506 0.528795685270953 0.596947191213155
maternal 0.0135807556347008 0.0779880907626044 0.174138839685672 0.861756349836194
