 intercept PC1 PC2 PC3 PC4 PC5 PC6 PC7 PC8 PC9 PC10 PC11 PC12 PC13 PC14 PC15 PC16 PC17 PC18 PC19 PC20 proband paternal maternal
intercept 0.000772585821734573 1.8048958781088532e-07 -2.3370568311043e-05 1.7400427816747335e-06 1.1683151597423794e-06 -1.5818867044585937e-09 2.1873473817984946e-06 1.8926908805844884e-06 -5.695914474964459e-07 2.1933266212819266e-06 -1.4992185259708678e-06 5.958005622638404e-07 -3.250349293135281e-07 -2.100706263098413e-06 -1.510984230361087e-06 -1.9626845991340222e-06 1.0538185217651417e-06 -1.570426232962445e-06 -7.015610042824627e-07 9.894341374737958e-07 -5.904217396691179e-07 8.406866688360697e-06 3.2211822819550966e-05 -1.4915544888049335e-05
PC1 1.8048958781088487e-07 2.6130339131056994e-06 -1.5967099200469357e-06 -3.6988978401911727e-07 -2.0023694330539794e-08 -2.599989326269689e-07 5.255474311832905e-08 1.2323563492347923e-07 1.0235875173731364e-07 4.143533754401889e-09 1.8533970407227777e-07 1.2555869105260387e-08 6.856440125195152e-07 -1.290508161525672e-07 -2.5550793677266824e-07 -7.213152322137368e-07 -6.177173693017456e-07 1.974452259208507e-07 4.215219172497561e-08 2.0902695177431055e-07 -9.831980287866966e-10 -5.968221707280481e-07 4.375285733327147e-06 5.0460517615958035e-06
PC2 -2.337056831104299e-05 -1.596709920046935e-06 4.803124044310527e-05 8.745339141794137e-07 1.3662580509741817e-06 -5.870727906666526e-07 -5.227310786191748e-07 -4.5094357213209757e-07 1.084763974215308e-06 -3.832704108388856e-07 -1.4121574850931869e-08 9.655436895205866e-09 -1.0177087199018387e-06 8.691134793672765e-07 -1.0463186808923518e-06 7.980017896296857e-08 1.3834364405682965e-07 7.760969025154554e-07 1.818966919111761e-07 -4.183669959975991e-07 -2.799689621840653e-07 -1.994084739507236e-06 2.2268498489588968e-06 -7.430447598310528e-07
PC3 1.7400427816747337e-06 -3.6988978401911737e-07 8.745339141794137e-07 4.963705624090368e-06 1.4963287838806656e-07 1.221188541046526e-06 2.3761011695665384e-08 4.5085854057361256e-07 -2.3513680455902414e-07 -9.96117603637311e-07 -9.854133832361212e-08 4.5013646213091107e-07 8.031787299767416e-08 -7.775602231756122e-07 9.73226020110197e-08 -3.85261825422226e-08 2.659685966925693e-07 -3.669019409148893e-07 -5.437996645709698e-07 4.142340033132077e-07 1.4174632581517333e-07 2.3723619379901458e-06 1.2287445692024606e-07 -2.4666494112223953e-06
PC4 1.1683151597423805e-06 -2.0023694330539827e-08 1.366258050974182e-06 1.496328783880665e-07 9.405599860661324e-06 1.642235960020896e-06 -4.2712109537269733e-07 2.3719488163055567e-07 -1.2438655166199274e-06 4.977892582404006e-07 4.1811393524485627e-07 2.854816803661161e-07 -9.978502355639262e-07 -6.521121972442828e-07 6.2065950484481e-08 1.1095976493256845e-09 7.722094638705261e-08 -1.0187868144294009e-07 -4.4277424678311175e-07 -1.0080088208561374e-07 1.0340902303629863e-07 3.6266868308454276e-06 1.7164277303607235e-07 2.90818259028126e-06
PC5 -1.581886704457088e-09 -2.5999893262696907e-07 -5.870727906666528e-07 1.221188541046525e-06 1.6422359600208956e-06 1.6804090990935337e-05 3.820835353690181e-07 1.0533884523012883e-06 -6.970852721763961e-07 -5.385835576720044e-07 -3.8530255539195766e-07 -8.63110815274549e-07 6.072245834544413e-07 -1.183412640131363e-06 5.103134732128283e-07 7.004445304430727e-08 -4.811284736109659e-08 7.228449516338828e-07 -1.6278076613650492e-07 1.9456905998736235e-07 -1.7630067305741543e-07 -3.5051148018704974e-06 2.0591414769504154e-06 6.129864512778733e-06
PC6 2.187347381798497e-06 5.2554743118329104e-08 -5.227310786191754e-07 2.3761011695665033e-08 -4.2712109537269765e-07 3.820835353690178e-07 1.57433375170608e-05 -5.8073391003236144e-08 2.888357685465772e-07 2.2206804125834046e-07 1.1300773208798038e-07 -3.9090732478754866e-07 -3.091865356120341e-08 -1.2297065337143923e-07 -2.3440689729007362e-07 -1.1146496569474103e-07 -9.137566387325175e-08 2.9832857767308994e-07 -4.0594348815906934e-07 -2.175506159289105e-07 -5.471550210037089e-07 3.2175494832503187e-06 -3.9520074204568725e-06 -1.4518858983642275e-06
PC7 1.8926908805844886e-06 1.2323563492347908e-07 -4.5094357213209704e-07 4.508585405736126e-07 2.3719488163055567e-07 1.0533884523012885e-06 -5.8073391003235403e-08 1.3455510813330491e-05 9.086049793984909e-07 -2.1330410090114793e-07 -1.2895115582602638e-07 1.190966317290769e-06 3.734670625053688e-07 2.510107335992906e-07 -3.131231333468529e-07 -5.179351742073541e-07 1.2091301467910887e-07 -4.073237790762103e-07 7.083194405625034e-08 3.6289185279298875e-08 -5.150127250658422e-07 -6.94742004553483e-06 2.4958331901890897e-06 6.046230241633585e-06
PC8 -5.695914474964459e-07 1.0235875173731339e-07 1.0847639742153087e-06 -2.3513680455902372e-07 -1.2438655166199279e-06 -6.970852721763957e-07 2.888357685465774e-07 9.08604979398492e-07 1.4899482778570199e-05 3.5834871108179364e-07 3.5664901239733386e-07 -7.965799764906282e-07 4.448714273329188e-07 -8.391520104023709e-08 -5.016662381796037e-07 -4.398243046541809e-07 3.7684371969958126e-07 8.00095923402752e-08 -7.641207467690927e-07 -2.385814731232878e-07 8.808566871169716e-08 3.0566435424231767e-06 8.057244757368917e-07 2.03574895083919e-06
PC9 2.1933266212819245e-06 4.143533754401841e-09 -3.832704108388858e-07 -9.961176036373109e-07 4.977892582404006e-07 -5.38583557672005e-07 2.2206804125834022e-07 -2.1330410090114761e-07 3.583487110817935e-07 1.2911242149124635e-05 -1.7654687364427326e-07 -8.175452264343081e-08 -4.0045078155770453e-07 1.3387055589730964e-07 -8.263338575436414e-07 4.6152382228469705e-07 4.438376867766284e-07 4.3389035252783407e-07 -5.237363617915394e-07 -2.7043659003998255e-07 -7.552605362388307e-07 1.1247543936953857e-06 -4.612160386530263e-06 6.172245084628139e-06
PC10 -1.4992185259708702e-06 1.8533970407227764e-07 -1.4121574850931945e-08 -9.854133832361201e-08 4.18113935244856e-07 -3.8530255539195734e-07 1.1300773208798045e-07 -1.2895115582602635e-07 3.566490123973336e-07 -1.7654687364427358e-07 1.2867481580645678e-05 -5.023501809680802e-07 -5.374509744038961e-08 -2.795655071942778e-07 -1.836985344760381e-08 2.215828068206543e-07 -3.5025928957640865e-07 6.181180419099525e-08 1.612584930575907e-07 4.62725846462981e-07 7.784640952708026e-08 8.372541885333157e-07 -1.4014498129456703e-06 3.1564434585063917e-06
PC11 5.95800562263838e-07 1.2555869105260491e-08 9.655436895206321e-09 4.501364621309112e-07 2.854816803661158e-07 -8.631108152745486e-07 -3.909073247875485e-07 1.1909663172907686e-06 -7.96579976490628e-07 -8.175452264343125e-08 -5.023501809680803e-07 1.2690288500570373e-05 1.6383869171270026e-08 -1.5951462529592591e-07 -4.240780849226835e-07 3.4298484528520506e-07 2.4203393724294593e-07 4.4097384617765636e-07 5.291836302009017e-08 6.33328123734615e-07 2.5914725652803726e-07 2.401079060640957e-07 4.603342757981157e-06 -1.130792769090086e-06
PC12 -3.2503492931352674e-07 6.856440125195153e-07 -1.017708719901839e-06 8.031787299767424e-08 -9.97850235563926e-07 6.072245834544415e-07 -3.0918653561203624e-08 3.7346706250536887e-07 4.4487142733291886e-07 -4.0045078155770485e-07 -5.374509744038978e-08 1.6383869171270076e-08 1.16190662949619e-05 1.0920208849945885e-08 -3.168627224485734e-08 -5.379576217259463e-07 2.425130554504665e-07 -1.9863640225944805e-07 -1.6778227231601602e-07 -1.3388575768515773e-07 -6.077552848775068e-07 2.816383018955984e-06 3.6945840243285427e-06 3.966952021358324e-06
PC13 -2.1007062630984125e-06 -1.2905081615256715e-07 8.691134793672761e-07 -7.775602231756126e-07 -6.521121972442826e-07 -1.1834126401313628e-06 -1.2297065337143947e-07 2.510107335992909e-07 -8.391520104023697e-08 1.3387055589730972e-07 -2.795655071942783e-07 -1.5951462529592578e-07 1.0920208849945715e-08 1.1921365145634877e-05 -6.60122963732022e-07 9.906219248276833e-07 2.3293442220393367e-07 1.6230840552930166e-07 -6.042846211285351e-08 8.334549201035083e-09 1.5201823416702635e-07 -2.427753878456858e-07 -1.8537947717567353e-06 4.955898657767039e-06
PC14 -1.5109842303610872e-06 -2.555079367726682e-07 -1.0463186808923516e-06 9.732260201101964e-08 6.206595048448102e-08 5.103134732128284e-07 -2.3440689729007343e-07 -3.13123133346853e-07 -5.016662381796038e-07 -8.26333857543641e-07 -1.836985344760357e-08 -4.240780849226838e-07 -3.168627224485737e-08 -6.601229637320214e-07 1.2389512562399153e-05 -1.1857835131475737e-07 4.6115319211772086e-08 2.173516164759585e-09 1.6770038806518184e-07 -7.665963483672932e-08 1.205921533719866e-07 -2.611817383143827e-06 2.9330935425043814e-06 2.512523022466764e-06
PC15 -1.9626845991340193e-06 -7.213152322137366e-07 7.980017896296814e-08 -3.85261825422228e-08 1.1095976493256216e-09 7.004445304430684e-08 -1.1146496569474125e-07 -5.179351742073541e-07 -4.398243046541806e-07 4.615238222846971e-07 2.2158280682065416e-07 3.429848452852052e-07 -5.379576217259461e-07 9.90621924827684e-07 -1.1857835131475758e-07 1.1658573258846572e-05 3.6695080590059285e-07 -6.815737959876141e-07 -8.926709474175758e-08 -1.3260096509088493e-07 9.905057156209876e-08 -1.1769366042041965e-07 -1.9113782986499016e-06 7.121421453700523e-07
PC16 1.0538185217651426e-06 -6.177173693017454e-07 1.3834364405682822e-07 2.6596859669256906e-07 7.722094638705266e-08 -4.811284736109686e-08 -9.137566387325183e-08 1.2091301467910847e-07 3.7684371969958126e-07 4.438376867766278e-07 -3.502592895764085e-07 2.420339372429459e-07 2.4251305545046635e-07 2.3293442220393338e-07 4.611531921177182e-08 3.6695080590059285e-07 1.194634165261498e-05 -3.98994699177034e-07 2.045637904877245e-08 -6.486052352943135e-07 -2.2989667013410573e-07 5.720308434636325e-07 -3.428837767050549e-07 2.0885128422503073e-06
PC17 -1.5704262329624464e-06 1.9744522592085073e-07 7.760969025154556e-07 -3.6690194091488916e-07 -1.0187868144294017e-07 7.228449516338828e-07 2.9832857767308973e-07 -4.0732377907621033e-07 8.000959234027557e-08 4.3389035252783423e-07 6.18118041909952e-08 4.4097384617765625e-07 -1.9863640225944826e-07 1.6230840552930158e-07 2.1735161647596734e-09 -6.81573795987614e-07 -3.9899469917703407e-07 1.077676618514571e-05 3.4452596217605034e-07 -1.8427223587900183e-07 1.5071521561502765e-07 -3.9777614545521414e-07 -2.08839446462715e-06 -2.7228063224035196e-06
PC18 -7.015610042824618e-07 4.21521917249757e-08 1.8189669191117576e-07 -5.437996645709697e-07 -4.4277424678311196e-07 -1.6278076613650508e-07 -4.059434881590693e-07 7.083194405625043e-08 -7.641207467690921e-07 -5.237363617915393e-07 1.612584930575905e-07 5.2918363020090104e-08 -1.6778227231601592e-07 -6.042846211285378e-08 1.6770038806518194e-07 -8.92670947417576e-08 2.0456379048772564e-08 3.445259621760505e-07 1.0814167794762455e-05 -2.513191713171214e-07 6.441512501963816e-08 2.1582002215700754e-06 -2.1769023310384514e-06 8.89404984627645e-07
PC19 9.89434137473796e-07 2.0902695177431042e-07 -4.1836699599759915e-07 4.142340033132078e-07 -1.0080088208561426e-07 1.9456905998736235e-07 -2.1755061592891067e-07 3.6289185279299126e-08 -2.385814731232873e-07 -2.704365900399828e-07 4.6272584646298104e-07 6.333281237346148e-07 -1.3388575768515736e-07 8.334549201035303e-09 -7.665963483672917e-08 -1.326009650908851e-07 -6.486052352943137e-07 -1.8427223587900238e-07 -2.513191713171213e-07 1.09043567354985e-05 5.540998821528519e-07 1.430298083814147e-06 1.0686603169308319e-07 8.396840770778042e-07
PC20 -5.904217396691152e-07 -9.831980287866822e-10 -2.7996896218406495e-07 1.4174632581517325e-07 1.0340902303629874e-07 -1.7630067305741556e-07 -5.471550210037087e-07 -5.150127250658421e-07 8.808566871169701e-08 -7.552605362388298e-07 7.784640952708043e-08 2.591472565280373e-07 -6.077552848775068e-07 1.5201823416702646e-07 1.2059215337198653e-07 9.905057156209871e-08 -2.2989667013410554e-07 1.507152156150278e-07 6.441512501963851e-08 5.540998821528517e-07 1.0156390731778019e-05 3.1234480766625864e-06 -1.941544610446848e-06 -4.590993662870968e-06
proband 8.406866688360726e-06 -5.968221707280507e-07 -1.994084739507242e-06 2.3723619379901445e-06 3.626686830845425e-06 -3.5051148018704982e-06 3.2175494832503183e-06 -6.947420045534827e-06 3.056643542423173e-06 1.124754393695385e-06 8.372541885333158e-07 2.4010790606409464e-07 2.816383018955981e-06 -2.4277538784568437e-07 -2.611817383143827e-06 -1.1769366042041773e-07 5.720308434636312e-07 -3.9777614545521356e-07 2.1582002215700792e-06 1.4302980838141463e-06 3.123448076662587e-06 0.0008425819170798589 -0.00039861145104025923 -0.00040972227116099617
paternal 3.221182281955093e-05 4.375285733327148e-06 2.226849848958906e-06 1.2287445692024617e-07 1.7164277303607457e-07 2.0591414769504184e-06 -3.952007420456875e-06 2.495833190189086e-06 8.057244757368987e-07 -4.612160386530262e-06 -1.4014498129456686e-06 4.603342757981155e-06 3.6945840243285406e-06 -1.8537947717567345e-06 2.9330935425043823e-06 -1.9113782986499033e-06 -3.428837767050535e-07 -2.0883944646271517e-06 -2.1769023310384523e-06 1.0686603169308461e-07 -1.9415446104468465e-06 -0.0003986114510402591 0.000912707069701601 0.00020862240222973262
maternal -1.4915544888049354e-05 5.0460517615958035e-06 -7.430447598310517e-07 -2.4666494112223953e-06 2.9081825902812633e-06 6.129864512778733e-06 -1.4518858983642287e-06 6.046230241633583e-06 2.035748950839194e-06 6.17224508462814e-06 3.156443458506394e-06 -1.1307927690900853e-06 3.966952021358323e-06 4.955898657767038e-06 2.5125230224667634e-06 7.12142145370051e-07 2.0885128422503103e-06 -2.7228063224035175e-06 8.894049846276432e-07 8.39684077077805e-07 -4.590993662870968e-06 -0.00040972227116099617 0.00020862240222973264 0.0008821948628430195
