 intercept PC1 PC2 PC3 PC4 PC5 PC6 PC7 PC8 PC9 PC10 PC11 PC12 PC13 PC14 PC15 PC16 PC17 PC18 PC19 PC20 proband
intercept 0.0008039682958723344 -1.486647842863419e-08 -2.411139759039209e-05 1.5359091174839488e-06 1.2900322860606384e-06 -1.0540593669417462e-07 2.2433804087102715e-06 2.0590428276266546e-06 -9.993213887298576e-07 2.4426647368573213e-06 -1.1245155243745563e-06 3.4595870426354013e-07 -5.249832452388318e-07 -1.8015279413381187e-06 -1.2302906773182371e-06 -1.8788989904948725e-06 1.3099529722527422e-06 -1.678004370375764e-06 -9.921622383732997e-07 6.600307327599558e-07 -4.367709333191962e-07 3.311385782466469e-06
PC1 -1.4866478428633859e-08 2.676672305258412e-06 -1.5856134369560975e-06 -3.824881762065181e-07 -6.298119892165159e-08 -2.1737129376259565e-07 7.670584024421579e-08 1.0158599015980733e-07 7.495882463442774e-08 -4.746958632013923e-09 1.8072847442715276e-07 -9.45662628550254e-09 6.73370461037992e-07 -1.6943350006625772e-07 -2.853109740652253e-07 -7.103656987854041e-07 -6.578315594921108e-07 2.715759515834337e-07 5.853659643490296e-08 1.8963819520602077e-07 3.969754540597478e-08 1.8343401306657622e-06
PC2 -2.4111397590392087e-05 -1.585613436956097e-06 4.938708235113841e-05 9.64870904071585e-07 1.4780875534329545e-06 -6.179966270698073e-07 -6.110489229784264e-07 -4.0038837951185195e-07 8.766470862808898e-07 -5.48399221036217e-07 1.241354882351713e-07 -1.2887723286779086e-07 -1.0068212808488472e-06 7.558536011881588e-07 -9.133632279199291e-07 1.2879182858381208e-07 1.195032646792956e-07 6.822817134847378e-07 1.5482245120088488e-07 -1.2403254647906617e-07 -2.1293272422920727e-07 -3.942857966941667e-06
PC3 1.535909117483949e-06 -3.824881762065175e-07 9.648709040715853e-07 5.140119290257825e-06 1.1705261346436023e-07 1.239472883423134e-06 -1.1183157819672505e-08 4.770587454368256e-07 -1.9009559484765652e-07 -9.957412586685894e-07 -9.57647534762899e-08 4.3073649526139516e-07 7.941499069860074e-08 -7.478545782433183e-07 1.3178945473238822e-07 -1.4416600297452098e-08 2.409446266208902e-07 -3.5638506332432305e-07 -5.628275779869792e-07 4.56603175176881e-07 1.6077236120987448e-07 1.2305151114766868e-06
PC4 1.290032286060641e-06 -6.298119892165158e-08 1.478087553432954e-06 1.1705261346436025e-07 9.707701139429593e-06 1.6215227924636467e-06 -4.6705774956074353e-07 1.9513813812378638e-07 -1.339060658161049e-06 5.00598579637989e-07 4.2437250020092595e-07 2.81970127065108e-07 -1.0637695436416684e-06 -6.974320585099063e-07 1.0989179162746381e-07 -5.2582150538000714e-08 1.290592662646258e-07 -4.4805254483488304e-08 -4.597429220301851e-07 -1.3305689859658187e-07 9.099000536725656e-08 -1.5742149715069188e-06
PC5 -1.0540593669417353e-07 -2.1737129376259562e-07 -6.179966270698069e-07 1.2394728834231342e-06 1.6215227924636463e-06 1.702076009037296e-05 3.7764554249505754e-07 9.811345489618834e-07 -6.195144264269876e-07 -4.964304881194101e-07 -2.670923024248486e-07 -9.166507756572337e-07 7.071268956282693e-07 -1.1980471572418307e-06 3.947150369074761e-07 6.71413003648752e-08 -1.2282724303061585e-07 8.638769757025444e-07 -1.6262618719164267e-07 1.4282453302150342e-07 -1.9268868430736793e-07 1.5939097731020049e-06
PC6 2.2433804087102728e-06 7.670584024421577e-08 -6.11048922978427e-07 -1.1183157819673e-08 -4.6705774956074363e-07 3.776455424950572e-07 1.592986016658058e-05 8.038674810332042e-09 1.8166152602893266e-07 1.9535383656873485e-07 1.0544959696278893e-07 -3.605818515773127e-07 -6.698747145526448e-08 -1.1632161397163278e-07 -2.5385324918635587e-07 -1.550843899251925e-07 -5.893489693729616e-08 2.8640580470107086e-07 -3.817735187279927e-07 -3.114889549347429e-07 -6.047417052821023e-07 1.983813856694203e-06
PC7 2.0590428276266576e-06 1.015859901598073e-07 -4.0038837951185205e-07 4.77058745436826e-07 1.951381381237867e-07 9.811345489618838e-07 8.03867481033146e-09 1.3616234891594365e-05 9.666334809284094e-07 -3.289602329919267e-07 -1.588813856051988e-07 1.1082544555068189e-06 3.283115214452746e-07 1.343999882789818e-07 -3.813742763568636e-07 -4.5327668703020265e-07 9.765913416482525e-08 -4.661772996384822e-07 1.1629857302517865e-07 -2.4025477325870074e-08 -4.3670752235685314e-07 -5.356546559798938e-07
PC8 -9.993213887298586e-07 7.495882463442774e-08 8.766470862808893e-07 -1.9009559484765678e-07 -1.339060658161049e-06 -6.195144264269875e-07 1.816615260289326e-07 9.666334809284086e-07 1.508528226427819e-05 3.697789344395789e-07 3.3958122190752175e-07 -8.434959938827276e-07 3.6524721086816087e-07 -1.1163683609533404e-07 -5.394205461052604e-07 -4.156931042759449e-07 3.0776874851898844e-07 8.046220218703744e-08 -7.976472858378865e-07 -2.5812705510504215e-07 4.1341052597687567e-08 2.5308465410066193e-06
PC9 2.442664736857322e-06 -4.746958632014048e-09 -5.483992210362174e-07 -9.95741258668589e-07 5.005985796379892e-07 -4.964304881194097e-07 1.9535383656873522e-07 -3.289602329919267e-07 3.6977893443957883e-07 1.3067026835309752e-05 -1.3150984489967232e-07 9.054191924394482e-09 -3.693181708292845e-07 9.537925267404228e-08 -8.850194928248402e-07 4.169248155657125e-07 4.762381902556466e-07 4.6752481226967335e-07 -6.310182782512072e-07 -3.256490153995343e-07 -7.416842635584084e-07 1.2345797849609184e-06
PC10 -1.1245155243745543e-06 1.8072847442715305e-07 1.2413548823517167e-07 -9.576475347629006e-08 4.243725002009265e-07 -2.6709230242484836e-07 1.0544959696278896e-07 -1.5888138560519885e-07 3.3958122190752143e-07 -1.3150984489967224e-07 1.3055995893100785e-05 -4.883449659939753e-07 -3.427870434475495e-08 -3.54387343787991e-07 -4.351705487952094e-08 1.3460191164050262e-07 -3.5281982627184623e-07 1.4216470373715158e-07 2.564581310611929e-07 4.2174441829745203e-07 1.0329576861309795e-07 -1.476157920525324e-06
PC11 3.4595870426354003e-07 -9.456626285502462e-09 -1.2887723286779136e-07 4.3073649526139553e-07 2.819701270651082e-07 -9.166507756572336e-07 -3.605818515773123e-07 1.108254455506819e-06 -8.434959938827272e-07 9.054191924394727e-09 -4.883449659939754e-07 1.2847254236597977e-05 5.6772524639205395e-08 -8.830358571638016e-08 -3.6574650353256495e-07 2.844125551753814e-07 3.0851221471816206e-07 4.123622900464233e-07 4.697039124813469e-08 6.497324019075338e-07 2.8160984747092593e-07 2.435602421696462e-06
PC12 -5.249832452388345e-07 6.733704610379921e-07 -1.0068212808488479e-06 7.941499069860066e-08 -1.0637695436416692e-06 7.071268956282692e-07 -6.698747145526493e-08 3.2831152144527454e-07 3.6524721086816113e-07 -3.6931817082928417e-07 -3.4278704344755496e-08 5.677252463920543e-08 1.174246444000268e-05 1.638258663248388e-08 -6.525024735544514e-08 -4.883099776303869e-07 1.8263154129955918e-07 -1.2751547093702464e-07 -1.8313831827371576e-07 -1.2496058410211837e-07 -5.765449257385169e-07 2.5973417651783808e-06
PC13 -1.80152794133812e-06 -1.6943350006625756e-07 7.558536011881584e-07 -7.47854578243318e-07 -6.974320585099058e-07 -1.198047157241831e-06 -1.1632161397163328e-07 1.3439998827898202e-07 -1.1163683609533399e-07 9.537925267404228e-08 -3.543873437879902e-07 -8.830358571638032e-08 1.638258663248338e-08 1.2008470125216999e-05 -7.142834350615391e-07 1.0585553136798976e-06 2.2512152159175125e-07 9.41569534070576e-08 -1.1901859409271666e-07 1.2831806632883131e-08 1.541786372678707e-07 3.1177032877284072e-06
PC14 -1.2302906773182352e-06 -2.853109740652254e-07 -9.13363227919929e-07 1.3178945473238833e-07 1.0989179162746348e-07 3.9471503690747613e-07 -2.5385324918635555e-07 -3.813742763568636e-07 -5.394205461052604e-07 -8.850194928248408e-07 -4.351705487952079e-08 -3.6574650353256437e-07 -6.525024735544507e-08 -7.142834350615389e-07 1.252682080014392e-05 -1.0337756462486231e-07 3.4587306379758026e-08 7.321805232142477e-09 1.3259124259388855e-07 -4.3722912502532676e-08 1.403948484448712e-07 9.306125867722595e-07
PC15 -1.8788989904948695e-06 -7.103656987854041e-07 1.2879182858381192e-07 -1.4416600297451912e-08 -5.258215053800118e-08 6.714130036487515e-08 -1.5508438992519243e-07 -4.532766870302028e-07 -4.1569310427594467e-07 4.1692481556571224e-07 1.3460191164050307e-07 2.844125551753813e-07 -4.883099776303866e-07 1.0585553136798974e-06 -1.0337756462486271e-07 1.190064078571038e-05 3.3286421977611303e-07 -7.426884488894962e-07 -1.1479303652588447e-07 -1.1287473623310317e-07 7.558717682565308e-08 2.4038984033772242e-06
PC16 1.3099529722527428e-06 -6.578315594921108e-07 1.1950326467929537e-07 2.409446266208902e-07 1.2905926626462596e-07 -1.2282724303061558e-07 -5.8934896937296263e-08 9.765913416482516e-08 3.0776874851898844e-07 4.762381902556463e-07 -3.5281982627184586e-07 3.0851221471816195e-07 1.8263154129955862e-07 2.2512152159175128e-07 3.458730637975821e-08 3.328642197761125e-07 1.2052274804518477e-05 -3.953757638428048e-07 5.210751563076249e-08 -6.908178115067671e-07 -2.363221420990285e-07 -4.300913634727496e-07
PC17 -1.6780043703757648e-06 2.715759515834338e-07 6.822817134847379e-07 -3.56385063324323e-07 -4.480525448348831e-08 8.638769757025447e-07 2.8640580470107075e-07 -4.6617729963848195e-07 8.04622021870372e-08 4.6752481226967356e-07 1.4216470373715156e-07 4.123622900464233e-07 -1.2751547093702453e-07 9.415695340705736e-08 7.321805232142454e-09 -7.426884488894961e-07 -3.9537576384280484e-07 1.0883203694096074e-05 4.0225550018942334e-07 -1.5349209905673003e-07 9.56697268294913e-08 6.100284185567138e-07
PC18 -9.92162238373301e-07 5.853659643490279e-08 1.548224512008849e-07 -5.628275779869793e-07 -4.597429220301851e-07 -1.6262618719164288e-07 -3.817735187279926e-07 1.1629857302517857e-07 -7.976472858378866e-07 -6.310182782512071e-07 2.564581310611931e-07 4.6970391248134734e-08 -1.8313831827371584e-07 -1.1901859409271649e-07 1.3259124259388876e-07 -1.1479303652588416e-07 5.21075156307626e-08 4.022555001894232e-07 1.1046805836788529e-05 -3.2804753538479175e-07 1.1294275700665416e-07 6.797434075056526e-07
PC19 6.600307327599584e-07 1.8963819520602063e-07 -1.2403254647906646e-07 4.56603175176881e-07 -1.3305689859658227e-07 1.4282453302150353e-07 -3.114889549347427e-07 -2.402547732586996e-08 -2.5812705510504173e-07 -3.25649015399534e-07 4.2174441829745177e-07 6.497324019075338e-07 -1.2496058410211798e-07 1.2831806632883061e-08 -4.372291250253279e-08 -1.1287473623310355e-07 -6.908178115067674e-07 -1.5349209905672987e-07 -3.280475353847919e-07 1.100664538137063e-05 5.404550389304556e-07 1.5785893933076658e-06
PC20 -4.3677093331919527e-07 3.969754540597478e-08 -2.1293272422920716e-07 1.6077236120987456e-07 9.099000536725665e-08 -1.926886843073677e-07 -6.047417052821022e-07 -4.3670752235685314e-07 4.1341052597687474e-08 -7.416842635584082e-07 1.0329576861309827e-07 2.816098474709262e-07 -5.765449257385164e-07 1.5417863726787078e-07 1.4039484844487146e-07 7.558717682565334e-08 -2.3632214209902853e-07 9.566972682949148e-08 1.1294275700665444e-07 5.404550389304553e-07 1.0204886629880103e-05 -2.7951985490055146e-07
proband 3.311385782466477e-06 1.834340130665763e-06 -3.94285796694167e-06 1.2305151114766854e-06 -1.5742149715069186e-06 1.5939097731020057e-06 1.9838138566942035e-06 -5.356546559798965e-07 2.5308465410066197e-06 1.2345797849609177e-06 -1.4761579205253254e-06 2.4356024216964625e-06 2.597341765178383e-06 3.1177032877284072e-06 9.306125867722593e-07 2.403898403377224e-06 -4.3009136347275326e-07 6.10028418556715e-07 6.79743407505653e-07 1.5785893933076697e-06 -2.7951985490055193e-07 0.0005532639958184054
