Estimate Std. Error z value Pr(>|z|)
(Intercept) -1.89551832255387 0.0679888483327448 -27.8798416069205 4.6846406693019e-171
covarSEX 822.730347217405 2111.19786588884 0.389698360589724 0.696759608926028
covarYOB -7.43595038161595 31.7454052065144 -0.234237059922298 0.814800945523549
covarYOBsq 7.29169408840688 31.7576985102133 0.229603983615559 0.818399511094072
covarSEX_YOB -1645.98331278054 4226.11630858138 -0.389478942980882 0.696921884471863
covarSEX_YOBsq 823.496141769549 2115.03777112736 0.38935292457241 0.697015090673189
covarPC1 -0.0610296547792127 0.0690580236499536 -0.883744589746215 0.376834103988113
covarPC2 0.00741684003636667 0.0666255215736424 0.111321305427511 0.911361561120343
covarPC3 0.100135841078076 0.0684007770630021 1.4639576533735 0.143205519097339
covarPC4 -0.0042856954198384 0.0683043576839954 -0.062744099573644 0.94997028017089
covarPC5 0.177635300502609 0.0687508154440167 2.58375554319433 0.00977310372241193
covarPC6 -0.0284485328321711 0.0654199215647097 -0.434860393466407 0.663663764732307
covarPC7 0.0736416305220265 0.067257284879049 1.09492422500341 0.273549835025522
covarPC8 0.0608065384149688 0.0672897194392055 0.903652726177672 0.366179573587749
covarPC9 0.0233750716784549 0.0658585921092929 0.354928201921835 0.722643380104316
covarPC10 -0.114428604699892 0.0666968010188896 -1.71565356886432 0.0862254676644533
covarPC11 -0.0316431795834905 0.0660192077630195 -0.479302625034154 0.63172335496661
covarPC12 -0.0393292378779049 0.0663989475746228 -0.592317187463017 0.553638208694331
covarPC13 -0.106981245396314 0.0668490817351385 -1.60033978956034 0.109523224404085
covarPC14 -0.035519712107845 0.0655165140861682 -0.542148992559785 0.587715870510448
covarPC15 -0.131134935088096 0.0665186211529388 -1.97140188439252 0.048677925691655
covarPC16 -0.156861370524967 0.0659424427910866 -2.3787619003124 0.0173708921853431
covarPC17 0.0894654318793388 0.0662063567287797 1.35131181203403 0.17659556981205
covarPC18 -0.0405145293530525 0.0661933515127423 -0.612063423699786 0.540495795965882
covarPC19 -0.044496014082792 0.0656466354261003 -0.677811037747426 0.497891511701213
covarPC20 -0.0446048334430781 0.0657309698973888 -0.678596915772121 0.497393297597418
proband -0.198316273471621 0.0950125113312032 -2.08726483168424 0.0368642019292858
paternal 0.173878784851855 0.0802399592088186 2.16698496068958 0.0302360008896968
maternal 0.1259517081803 0.0807814214001021 1.55916677371241 0.118956912721727
