Estimate Std. Error z value Pr(>|z|)
(Intercept) -1.92587610283185 0.0693254872170296 -27.7802029259848 7.52493300118428e-170
covarSEX 930.463247283269 2116.12604433246 0.439701240753259 0.660153503830134
covarYOB -7.866005109486 31.8304313686588 -0.247122164898812 0.804813680500706
covarYOBsq 7.71754557510982 31.8434889102831 0.242358668575968 0.808502257486472
covarSEX_YOB -1861.22128282733 4236.15133438292 -0.439366098118506 0.660396287290603
covarSEX_YOBsq 931.013020234706 2120.14487978942 0.439127075281373 0.660569461653284
covarPC1 -0.04073951726229 0.0719128316140799 -0.566512489466672 0.571045445144116
covarPC2 0.0234741362192605 0.0675528886046473 0.347492708367257 0.728221195515131
covarPC3 0.104841942504951 0.0694560200114303 1.50947236089394 0.131178113328219
covarPC4 0.0096252512248564 0.0695247842504404 0.138443453347292 0.889889956831374
covarPC5 0.1740200584934 0.0691163031981245 2.5177859700419 0.0118095058823556
covarPC6 -0.0362760673274105 0.0655152338447216 -0.553704309647873 0.579781225374554
covarPC7 0.0716195906679931 0.0674535241099155 1.06176202967971 0.288343731399123
covarPC8 0.0644250191535744 0.0675617948602874 0.953571752893782 0.340300459726947
covarPC9 0.0190236899865609 0.0655605631555174 0.29016971592258 0.771686403171445
covarPC10 -0.12089340835085 0.0667255511038976 -1.81180082218592 0.0700169780409737
covarPC11 -0.0365330364476524 0.0662241853923197 -0.551657015201115 0.581183365468747
covarPC12 -0.0357450529318333 0.0655943383552027 -0.544941131020619 0.58579400645542
covarPC13 -0.114760773692411 0.0671957352815804 -1.70785799443242 0.0876626950038415
covarPC14 -0.0390601796442161 0.0655735104034778 -0.595670102208596 0.551395635038086
covarPC15 -0.145056156200207 0.0669619955541264 -2.16624601760795 0.0302923923813371
covarPC16 -0.151646189049247 0.0664306082426002 -2.28277586282885 0.0224435744525878
covarPC17 0.0868699311785625 0.0666734942930299 1.30291553037207 0.192603601216423
covarPC18 -0.0236488970170473 0.0664546226329173 -0.35586534209485 0.72194141194119
covarPC19 -0.0501115775089358 0.0658430794051115 -0.761075848239345 0.446611765131022
covarPC20 -0.0579471154249446 0.0660384959157857 -0.877474791352614 0.380228805258357
proband -0.273013846221534 0.0969727550034562 -2.81536650383712 0.00487216343820292
paternal 0.32101833965066 0.117974929315399 2.72107253221941 0.00650704823055064
maternal 0.298485923093838 0.107955933881528 2.76488667516322 0.00569425743197141
gpp -0.363041682825071 0.175984405298512 -2.06291962182254 0.0391202655220566
gpm -0.0459246341671982 0.15635746997153 -0.293715638757523 0.768975203145331
gmp 0.178364159902767 0.155920981448235 1.14393943807994 0.252648753916285
gmm -0.426757928161039 0.139002274278661 -3.07015068908518 0.00213950794155543
