Estimate Std. Error z value Pr(>|z|)
(Intercept) -0.33540904180425 0.0559150958635086 -5.99854183605444 1.99097228970815e-09
covarSEX 695.821373028783 1671.25892755518 0.416345643129443 0.677157097802098
covarYOB -22.3029497968025 23.8505253653857 -0.935113564800999 0.34972977661239
covarYOBsq 22.0619556264887 23.8522101510975 0.924943872569126 0.354995103885844
covarSEX_YOB -1390.93833369257 3344.22536187762 -0.415922428419006 0.677466766965656
covarSEX_YOBsq 695.286876075364 1673.06145292355 0.415577607660735 0.67771911503077
covarPC1 0.100554032006545 0.059057874642991 1.70263546757145 0.0886363083459599
covarPC2 -0.0413125392025876 0.0534618293798058 -0.772748326831343 0.43967133987916
covarPC3 0.0734843481097402 0.0588370003930866 1.24894790045032 0.211684130135448
covarPC4 0.0224705058415138 0.0577729485123955 0.38894511047316 0.697316750986521
covarPC5 -0.125978549993022 0.0560247123190678 -2.24862466540762 0.024536385787409
covarPC6 -0.0168184897241617 0.052653914046139 -0.319415755292649 0.749411265089676
covarPC7 0.0274326823304249 0.0538889737044132 0.509059283275576 0.610710670675265
covarPC8 -0.0170697307567234 0.0538511810828041 -0.316979691317749 0.751259012241667
covarPC9 -0.0870990951614063 0.0539074036846432 -1.61571675146764 0.106155567506227
covarPC10 -0.0563665850207184 0.0522203165367234 -1.07939952798025 0.280409661276348
covarPC11 0.126061709035364 0.0543835659224048 2.31801109208672 0.020448718236855
covarPC12 -0.0321908481658896 0.0537666464025188 -0.598714078704033 0.549363567186102
covarPC13 -0.0628398743957252 0.0536335794435296 -1.17165169745735 0.241336923186404
covarPC14 -0.00260054144710745 0.0530036990079107 -0.0490633954947053 0.960868774420806
covarPC15 -0.0316201492212669 0.0535923477259119 -0.590012391003698 0.555182342281307
covarPC16 -0.00315556113436151 0.0530879731389299 -0.0594402262467901 0.952601473771171
covarPC17 -0.0265468351149359 0.0531338497572195 -0.499621902727439 0.617341332492039
covarPC18 -0.0465922906746833 0.0532025770487009 -0.875752515372203 0.381164589379081
covarPC19 0.0600768007870725 0.0527658059636172 1.1385555416039 0.254888580534266
covarPC20 0.000700751802761912 0.0528806436850026 0.013251574752685 0.989427082540924
proband 0.241296545769827 0.0535095159797547 4.50941372486198 6.50070244109581e-06
