Estimate Std. Error z value Pr(>|z|)
(Intercept) -3.03662119117477 0.120779195721589 -25.1419226054009 1.73201932958205e-139
covarage -1.50853541682775 0.136448837552659 -11.0556853681187 2.05759226675162e-28
covarsex -0.502504097415985 0.133165556804094 -3.77352905267569 0.000160954466149422
covarage_sex 1.27324384289375 0.264701713602986 4.81010804789663 1.50848730940674e-06
covarPC_3 -0.240354082707006 0.0454826212955215 -5.28452573446273 1.26030832411422e-07
covarPC_4 -0.0878805493111092 0.0433972189926984 -2.02502721028956 0.0428645702575576
proband 0.140782040853081 0.0616884231583107 2.28214685422891 0.0224806715496099
paternal -0.144402602828145 0.104729130251981 -1.37881984201252 0.167950307399536
maternal 0.10489665462504 0.104155731988281 1.00711360404862 0.313880184440919
gpp 0.19252830410303 0.152845947748048 1.25962321500597 0.207805316804303
gpm 0.0556705126916479 0.154434187979278 0.360480496061648 0.718487839507247
gmp -0.106580791664887 0.131685911524412 -0.809356068778313 0.418310363861217
gmm -0.115730767089275 0.127736474509169 -0.906011908767435 0.36492954922326
