Estimate Std. Error z value Pr(>|z|)
(Intercept) -2.9293468384527 0.0941125888403472 -31.1259829800459 1.07225902670853e-212
covarage -1.30108179478427 0.10613446710922 -12.2588055531985 1.50704898346792e-34
covarsex -0.0466687025567374 0.103846422133897 -0.449401159883622 0.653142294751344
covarage_sex 0.573118938402617 0.205747320031486 2.78554752652386 0.00534374056987801
covarPC_3 -0.155810614771305 0.0355338681631541 -4.38484811323944 1.16066734371726e-05
covarPC_4 -0.0393318240765817 0.0337575462821042 -1.16512686520206 0.243967643740411
proband 0.000288498655635456 0.0477987857337676 0.00603569005376731 0.995184245331625
paternal -0.208066784320635 0.0813902375698779 -2.55640959570855 0.0105758548234189
maternal -0.0513228370043973 0.0807027611562262 -0.635948959726984 0.524809689893593
gpp 0.330703449165118 0.124560988105957 2.65495203750157 0.00793196855192119
gpm 0.0521419313051147 0.120854080758667 0.43144535110268 0.666144580501657
gmp 0.102593855417918 0.106206971810098 0.965980421712426 0.334053977888897
gmm 0.0877958315116782 0.100975112201748 0.869479910418546 0.384584691670003
