Estimate Std. Error z value Pr(>|z|)
(Intercept) -1.87992615994489 0.0718351235576434 -26.1700135928124 5.83388342669571e-151
covarage -0.119809768609978 0.0720177055196431 -1.66361546435687 0.0961892994975371
covarsex 0.327223092694108 0.0721337039871455 4.53634119152428 5.72385536914474e-06
covarage_sex -0.0198700908603435 0.142561733666781 -0.139378852580365 0.889150782434997
covarPC_3 -0.126524321024337 0.0330831410318047 -3.82443495624257 0.000131072342468818
covarPC_4 -0.0562371566528481 0.0313305548749745 -1.7949620387275 0.0726597483541912
proband 0.0705576867075089 0.0434405545096921 1.62423540638199 0.104325577025532
paternal -0.181670260922155 0.0779664372236756 -2.33010853633041 0.0198004153761025
maternal 0.0326153604146231 0.0730609810445573 0.446412845109925 0.655299055874105
gpp 0.149653706756877 0.118306722840586 1.26496367377642 0.205884350113784
gpm 0.241627715153812 0.114885866055526 2.10319792547006 0.0354484715653352
gmp -0.100925538351467 0.093212337265367 -1.08274871451986 0.278919974931854
gmm -0.128183128705655 0.0953140330096131 -1.34485053940301 0.1786735054955
