 intercept PC1 PC2 PC3 PC4 PC5 PC6 PC7 PC8 PC9 PC10 PC11 PC12 PC13 PC14 PC15 PC16 PC17 PC18 PC19 PC20 proband paternal maternal gpp gpm gmp gmm
intercept 0.0016177645774374898 -6.4935324311224955e-06 -6.688466344072565e-05 2.4095461915101187e-06 4.2033206782929696e-07 6.163749060907254e-06 1.084172453225238e-05 2.975536745575758e-06 1.3173097395996732e-05 -1.9450143379262024e-06 -5.16127744643626e-07 6.788132869129811e-08 3.381538631892145e-06 -6.410330620040411e-06 -1.2143492137976825e-05 -3.936577532361905e-06 1.1781859147641323e-05 1.1161434347521227e-06 3.7652091104077e-06 9.34683333191211e-06 -5.160768173248619e-06 7.405919405589054e-05 -0.00011675268656113152 0.00017486259344256537 0.00019021628721278385 -0.0001303004844381997 -9.673100858993614e-05 -7.304618351375496e-05
PC1 -6.493532431122444e-06 6.1458240513747034e-06 -3.965196758040066e-06 -2.6425041510313327e-07 -4.206267665692346e-07 -2.0479368591823395e-07 3.9809206104783186e-08 -1.9881472500774175e-07 4.034113566884092e-07 5.486829168029091e-08 8.824669962495325e-07 -8.955845261552352e-08 1.7158971060458607e-06 -6.602692657145858e-07 -8.679763670642373e-07 -1.8061561900757538e-06 -2.1451377027309884e-06 8.273586437292636e-07 -2.5770985195247546e-07 7.082555960804918e-07 1.2081499469584881e-06 -8.977932443537153e-08 8.76287385418298e-06 -3.5113146306830064e-06 -1.7035025283217033e-05 -5.844247434286102e-06 1.7643435448782738e-05 1.1111239109512794e-05
PC2 -6.68846634407257e-05 -3.9651967580400715e-06 0.00012785361146153612 3.707315628202421e-06 3.93094907943972e-06 -1.4981356742788307e-06 -8.336197444682023e-07 4.450374379991111e-08 1.7292966672130737e-06 7.784105643071335e-07 -2.4058692907036863e-07 -3.701444003446647e-07 -1.8695287079809905e-06 3.046655897746661e-06 3.6182836183482557e-06 -6.793556608281652e-07 -1.9151848890040256e-06 3.1271437152063346e-06 2.23507579697922e-06 -3.407207436063121e-06 -2.3263860221353078e-06 -2.045740726935929e-05 -2.7037150095048903e-06 1.313157300205914e-05 1.2545105218081078e-05 2.6240098870006047e-05 -3.2234477735629685e-05 1.3640377574556354e-05
PC3 2.409546191510119e-06 -2.642504151031332e-07 3.7073156282024197e-06 1.3363088214526222e-05 -5.0802467022801816e-08 4.604608018399875e-06 -4.823673391682129e-07 3.7437209996340655e-06 1.7069057177691474e-06 -1.942453908824069e-06 -2.212604048855888e-07 -5.320927257298057e-07 1.115339326016929e-06 -3.3944895175931876e-06 1.3759467125458092e-07 -1.0946914412121187e-06 1.308052517834582e-06 -1.826013413230986e-06 -1.4642709027798764e-06 1.9409850508531446e-06 1.5534670236060143e-06 -6.595833139784374e-06 1.4679166313474248e-05 7.195363402079839e-06 -1.670257232380949e-05 -1.926628831450616e-05 5.574414979083111e-06 -1.0006103031662685e-05
PC4 4.203320678292839e-07 -4.206267665692342e-07 3.930949079439722e-06 -5.080246702280136e-08 2.181248134372322e-05 4.448852222102949e-06 -1.5518376534056358e-06 1.2861052174571098e-06 -3.294213036591469e-06 4.344225422114046e-07 1.0196985565059626e-06 1.7318633200839969e-06 -4.140024457859391e-06 -1.8836191788865197e-06 6.084235214368964e-07 1.0643133684517467e-06 4.297530186046756e-08 -1.0170040998746494e-07 -6.515831737331811e-07 -7.881516584572987e-07 -7.931829789278896e-07 7.774947024395174e-07 -2.4380504676043147e-05 -7.698042272026103e-08 4.0073471741049185e-06 5.938255767830965e-05 3.985050972715542e-06 4.4775600243380666e-05
PC5 6.1637490609072625e-06 -2.0479368591823332e-07 -1.4981356742788328e-06 4.604608018399876e-06 4.448852222102947e-06 4.6352218635004225e-05 1.4398289300642096e-06 7.6202161897568626e-06 -1.140702174935965e-06 -2.670074699816686e-06 2.7298633340625225e-08 -1.4449672054654887e-06 7.582894519113907e-07 -4.645982228630326e-06 2.503439134376685e-07 2.3211421179186334e-07 1.532354477771246e-07 2.187159963446808e-06 -1.0356478347143754e-07 1.5202646257705005e-06 -4.4481348473465053e-07 1.2228037152960804e-05 2.923233394258419e-06 1.0582666821777611e-05 -6.822498983735339e-06 -7.262849080099063e-06 -2.9542663873587938e-05 -6.951118570948454e-06
PC6 1.0841724532252379e-05 3.980920610478305e-08 -8.336197444682015e-07 -4.82367339168213e-07 -1.5518376534056358e-06 1.43982893006421e-06 4.241385385960132e-05 -5.486443681802013e-07 -3.2540583408657606e-07 6.560402212367167e-07 -1.7087484763702099e-06 -6.951733115492726e-07 -8.615930408964577e-07 9.189584398354092e-07 -5.370315784220225e-07 1.5278208210944127e-06 -3.466305782558366e-07 9.242503497655413e-07 -1.804664333803902e-06 -3.4697835186255943e-06 -9.659945884098036e-07 -8.222907783597929e-07 -1.2884066844341213e-05 -2.147375066715971e-05 1.3580291033911655e-06 -9.205598274755836e-06 -1.2500910070378033e-06 3.972161094025993e-05
PC7 2.9755367455757596e-06 -1.9881472500774257e-07 4.45037437999098e-08 3.743720999634068e-06 1.2861052174571105e-06 7.620216189756864e-06 -5.486443681802015e-07 3.7376597775147574e-05 3.5379023419388864e-06 -1.8772070234056968e-06 -6.669485473683865e-07 3.5501207132218563e-06 3.1464287670063946e-06 2.906340897035533e-07 -5.899389527890361e-07 -9.026507027998164e-07 1.5300608062339237e-06 -1.6464254696021822e-06 8.567167628991568e-07 -3.88584005551278e-07 -1.0898674278332962e-06 -2.3077368442803556e-05 3.659173827539629e-05 2.0333452039819527e-05 -3.918464202011939e-05 -7.2112942701057636e-06 2.028700973017516e-05 -1.4406034667521477e-05
PC8 1.3173097395996744e-05 4.0341135668840663e-07 1.7292966672130751e-06 1.706905717769147e-06 -3.2942130365914717e-06 -1.140702174935968e-06 -3.254058340865765e-07 3.537902341938882e-06 4.3556618062460296e-05 2.651502029211854e-07 3.323970932462028e-06 -3.716753160326709e-06 3.9521788962027903e-07 -1.3922075083672744e-06 -7.989542599860772e-07 -1.37291061224442e-06 1.0796005819820209e-06 -1.8524478908697172e-06 -4.8984456366290375e-06 8.81946304116422e-07 1.2272507856858063e-06 -1.289089597476096e-05 1.4710242247921162e-05 4.549655346063976e-05 -2.611805144854345e-06 -3.124791272932803e-05 -2.4925682275634677e-05 -1.1270260011295518e-05
PC9 -1.9450143379262007e-06 5.486829168029065e-08 7.784105643071333e-07 -1.942453908824069e-06 4.3442254221140423e-07 -2.670074699816687e-06 6.560402212367159e-07 -1.8772070234056966e-06 2.651502029211844e-07 3.291577284636661e-05 -2.7942576421457582e-06 1.2521370966204609e-06 -1.1697688497816155e-06 6.29906917967776e-07 -2.2441334447239608e-06 1.5534094415485744e-06 2.5348153004685696e-08 2.2798029085633063e-06 -1.3808115350023846e-06 -1.7074859018487308e-06 -2.8001103528589587e-06 8.799275271276166e-06 -4.579325193132299e-06 2.0523649852932117e-05 -7.883847454672567e-06 -9.05162684076323e-06 -8.920519537922813e-07 -2.944864153695413e-05
PC10 -5.161277446436248e-07 8.824669962495324e-07 -2.4058692907036815e-07 -2.2126040488558967e-07 1.019698556505963e-06 2.729863334062639e-08 -1.7087484763702088e-06 -6.669485473683873e-07 3.3239709324620284e-06 -2.7942576421457595e-06 3.803989473674516e-05 1.8386409686029832e-07 4.6743428413340946e-07 -1.938412684603483e-06 -8.542466881812743e-07 4.808028714738311e-07 -2.392032018365951e-06 3.8092837508123765e-07 4.762154320797153e-08 1.5402244390588153e-06 1.5572777125325698e-06 -1.4439974314474352e-05 1.884251543495003e-05 -1.3116462705712858e-06 -3.243963881337207e-05 2.208798671999897e-05 -5.3593186602850105e-06 4.778783437629937e-06
PC11 6.788132869129357e-08 -8.9558452615523e-08 -3.701444003446636e-07 -5.320927257298047e-07 1.7318633200839967e-06 -1.4449672054654885e-06 -6.951733115492734e-07 3.5501207132218576e-06 -3.7167531603267074e-06 1.25213709662046e-06 1.8386409686029914e-07 3.233885507409023e-05 3.0063978490570934e-07 -2.3019900835014691e-07 -1.7416322559306535e-06 2.7946494338171123e-06 1.8476273805663856e-06 8.07006648755356e-07 6.690615680152191e-07 5.877800831989124e-07 -3.612157431908057e-07 -1.5387552160089376e-05 4.8108103188859104e-05 -7.480529212679925e-06 -3.846412604823741e-05 -8.090530476078587e-06 2.813224769237594e-05 -1.466735690842036e-05
PC12 3.3815386318922016e-06 1.7158971060458603e-06 -1.8695287079809932e-06 1.1153393260169289e-06 -4.1400244578593914e-06 7.582894519113889e-07 -8.615930408964597e-07 3.146428767006395e-06 3.952178896202796e-07 -1.1697688497816161e-06 4.674342841334099e-07 3.006397849057091e-07 3.0157304507999795e-05 2.157196699271668e-07 -9.996440687653704e-07 -2.077341334756186e-06 1.1295072237832802e-06 -2.5452375839661847e-07 -2.525097052595025e-07 6.68813631175743e-07 1.1301740295443685e-06 -6.527528681542459e-06 5.199759295091981e-06 6.206849657233884e-07 -8.381647048586435e-06 -6.4179618842916584e-06 1.604117384185213e-05 -2.199711610762262e-06
PC13 -6.410330620040432e-06 -6.602692657145864e-07 3.046655897746661e-06 -3.3944895175931863e-06 -1.88361917888652e-06 -4.645982228630323e-06 9.189584398354096e-07 2.9063408970355553e-07 -1.3922075083672755e-06 6.299069179677758e-07 -1.938412684603483e-06 -2.3019900835014832e-07 2.1571966992716702e-07 3.310414929307183e-05 -4.82272403296885e-07 4.084032121362884e-06 1.639487395743709e-07 6.429587987201909e-07 -4.753413761267837e-07 -1.1542811548061532e-06 6.683861871691682e-07 1.2786468418824087e-05 -2.249559563299144e-05 1.780025280810789e-05 8.484971050912948e-06 -8.354558867007756e-06 -3.1899165571127786e-05 -1.3312276394335612e-05
PC14 -1.2143492137976773e-05 -8.67976367064237e-07 3.6182836183482544e-06 1.3759467125458063e-07 6.084235214368953e-07 2.5034391343766855e-07 -5.370315784220226e-07 -5.89938952789037e-07 -7.989542599860785e-07 -2.2441334447239603e-06 -8.542466881812743e-07 -1.7416322559306541e-06 -9.9964406876537e-07 -4.822724032968859e-07 3.234422494050661e-05 -1.3513595619214628e-06 -2.4129855504993767e-06 -2.8027508655597706e-07 5.519474597265189e-07 -5.039867356619205e-09 -7.914207525565792e-07 1.137147862607184e-05 1.0266896351172899e-07 -1.1610218883314564e-05 -1.281897172865431e-05 1.865224233294991e-05 1.18577740550946e-05 -3.902396746402555e-05
PC15 -3.936577532361922e-06 -1.8061561900757528e-06 -6.793556608281658e-07 -1.094691441212118e-06 1.0643133684517482e-06 2.3211421179186303e-07 1.5278208210944125e-06 -9.026507027998161e-07 -1.3729106122444196e-06 1.5534094415485738e-06 4.80802871473831e-07 2.794649433817113e-06 -2.0773413347561868e-06 4.084032121362885e-06 -1.3513595619214637e-06 3.0828580389172286e-05 2.171889016540698e-06 -9.05075764341847e-07 -9.204301891844739e-07 -3.0661325478363978e-06 -2.125991223435047e-06 -1.4452298205071805e-05 1.8406413758110415e-05 1.1510419912896552e-05 -1.3293813901905616e-06 -2.4589546373302007e-05 -5.7472540887705615e-06 5.390087465328372e-06
PC16 1.1781859147641264e-05 -2.1451377027309867e-06 -1.9151848890040294e-06 1.3080525178345825e-06 4.297530186046718e-08 1.5323544777712289e-07 -3.4663057825583715e-07 1.5300608062339224e-06 1.0796005819820202e-06 2.534815300468544e-08 -2.3920320183659513e-06 1.8476273805663833e-06 1.1295072237832823e-06 1.6394873957437197e-07 -2.412985550499377e-06 2.171889016540696e-06 3.112688589917323e-05 -1.6339992011232498e-06 -1.9763090073431847e-07 -1.984247722024208e-06 -3.7540466536869853e-07 -5.1489851267711166e-06 1.952310575073271e-06 -1.3035934842374886e-05 -1.6917910626622676e-05 1.4069525386874746e-05 3.205680405478062e-05 2.3928128220105223e-05
PC17 1.1161434347521773e-06 8.273586437292628e-07 3.1271437152063368e-06 -1.8260134132309865e-06 -1.0170040998746485e-07 2.1871599634468066e-06 9.242503497655419e-07 -1.6464254696021824e-06 -1.8524478908697175e-06 2.279802908563309e-06 3.809283750812366e-07 8.070066487553556e-07 -2.545237583966187e-07 6.429587987201915e-07 -2.8027508655597737e-07 -9.050757643418466e-07 -1.6339992011232483e-06 2.9718496839656004e-05 9.969032087179215e-07 -5.725383205094023e-08 -1.306293155688966e-06 1.2204816673253416e-05 5.605284738852562e-06 8.17970041144747e-06 1.4312929837057829e-05 -3.3169760446952757e-05 -2.898875186957029e-05 -4.1047462212406816e-06
PC18 3.7652091104076958e-06 -2.5770985195247525e-07 2.235075796979218e-06 -1.4642709027798766e-06 -6.515831737331813e-07 -1.035647834714375e-07 -1.8046643338039022e-06 8.567167628991579e-07 -4.8984456366290375e-06 -1.3808115350023855e-06 4.76215432079721e-08 6.690615680152196e-07 -2.5250970525950275e-07 -4.7534137612678356e-07 5.519474597265192e-07 -9.204301891844728e-07 -1.976309007343177e-07 9.969032087179213e-07 2.8827385123955608e-05 8.422438650713983e-08 5.298928227053686e-07 8.907027472694807e-06 -2.81540269053514e-06 -1.2635888536378331e-05 2.230365765956723e-06 7.63145380093239e-06 2.786251901313663e-05 -2.429578428663077e-05
PC19 9.346833331912138e-06 7.082555960804916e-07 -3.4072074360631218e-06 1.9409850508531455e-06 -7.881516584572976e-07 1.5202646257705029e-06 -3.469783518625594e-06 -3.8858400555127765e-07 8.819463041164216e-07 -1.7074859018487316e-06 1.540224439058816e-06 5.877800831989118e-07 6.688136311757424e-07 -1.1542811548061536e-06 -5.0398673566192125e-09 -3.066132547836396e-06 -1.984247722024209e-06 -5.725383205094092e-08 8.42243865071399e-08 3.114571352881618e-05 2.969285174615116e-06 9.900729864154083e-06 1.0643457712280999e-06 2.0965871988595117e-05 9.743128119585597e-06 -3.1901489507077225e-05 -4.396621057213081e-06 -2.7865278525107178e-05
PC20 -5.160768173248619e-06 1.2081499469584892e-06 -2.326386022135308e-06 1.5534670236060143e-06 -7.9318297892789e-07 -4.448134847346497e-07 -9.659945884098036e-07 -1.0898674278332973e-06 1.2272507856858053e-06 -2.8001103528589587e-06 1.5572777125325702e-06 -3.612157431908074e-07 1.1301740295443698e-06 6.68386187169168e-07 -7.914207525565788e-07 -2.1259912234350472e-06 -3.754046653686988e-07 -1.3062931556889645e-06 5.298928227053686e-07 2.969285174615116e-06 2.9239329462514527e-05 7.4258949506100365e-06 6.940811160953529e-06 -4.150810909744633e-06 -1.8162640038425674e-05 -1.897810017345273e-05 4.7540311550846885e-07 -8.248019632641785e-06
proband 7.40591940558906e-05 -8.977932443534398e-08 -2.045740726935928e-05 -6.595833139784358e-06 7.774947024394827e-07 1.2228037152960816e-05 -8.222907783598085e-07 -2.307736844280352e-05 -1.289089597476098e-05 8.799275271276181e-06 -1.4439974314474385e-05 -1.5387552160089353e-05 -6.52752868154245e-06 1.2786468418824092e-05 1.1371478626071839e-05 -1.445229820507178e-05 -5.148985126771123e-06 1.2204816673253424e-05 8.90702747269482e-06 9.900729864154073e-06 7.4258949506100365e-06 0.003086207697598777 -0.0013793083741935363 -0.0014332846101301924 2.994811242681096e-05 -0.0005774983942191139 -0.00016240512966402535 -0.00011227792228683924
paternal -0.00011675268656113173 8.762873854182966e-06 -2.7037150095049123e-06 1.467916631347425e-05 -2.4380504676043117e-05 2.923233394258406e-06 -1.2884066844341259e-05 3.6591738275396284e-05 1.4710242247921196e-05 -4.579325193132284e-06 1.8842515434950096e-05 4.810810318885912e-05 5.19975929509197e-06 -2.2495595632991443e-05 1.0266896351172241e-07 1.8406413758110405e-05 1.952310575073297e-06 5.605284738852564e-06 -2.8154026905352016e-06 1.0643457712281257e-06 6.940811160953529e-06 -0.0013793083741935382 0.004741557909160192 0.0007854994658385379 -0.0037318437749665006 -0.0023745023918378873 0.00029991926391574874 -0.0002836018292778069
maternal 0.0001748625934425664 -3.511314630683083e-06 1.3131573002059136e-05 7.195363402079843e-06 -7.698042272024519e-08 1.0582666821777613e-05 -2.1473750667159695e-05 2.0333452039819527e-05 4.5496553460639785e-05 2.0523649852932134e-05 -1.3116462705712725e-06 -7.480529212679946e-06 6.206849657233651e-07 1.7800252808107916e-05 -1.1610218883314543e-05 1.1510419912896563e-05 -1.303593484237488e-05 8.179700411447454e-06 -1.2635888536378341e-05 2.0965871988595124e-05 -4.1508109097446265e-06 -0.0014332846101301924 0.0007854994658385368 0.005117629764211408 0.0010364966593494783 -0.0007090771572105453 -0.003566552872638247 -0.0027253570901942708
gpp 0.0001902162872127844 -1.703502528321704e-05 1.2545105218081112e-05 -1.670257232380949e-05 4.0073471741049e-06 -6.822498983735329e-06 1.3580291033911951e-06 -3.918464202011939e-05 -2.6118051448543405e-06 -7.883847454672591e-06 -3.2439638813372126e-05 -3.8464126048237436e-05 -8.38164704858644e-06 8.484971050912979e-06 -1.2818971728654312e-05 -1.3293813901905324e-06 -1.69179106266227e-05 1.4312929837057826e-05 2.230365765956781e-06 9.743128119585595e-06 -1.8162640038425684e-05 2.994811242681263e-05 -0.0037318437749665006 0.0010364966593494776 0.0098118866624283 -0.00044569388923500425 -0.002566694113267931 -0.00038803451367221896
gpm -0.0001303004844381997 -5.84424743428609e-06 2.6240098870006054e-05 -1.9266288314506162e-05 5.938255767830969e-05 -7.2628490800990456e-06 -9.205598274755765e-06 -7.211294270105789e-06 -3.124791272932808e-05 -9.051626840763261e-06 2.2087986719998928e-05 -8.090530476078592e-06 -6.417961884291647e-06 -8.354558867007771e-06 1.8652242332949934e-05 -2.458954637330203e-05 1.4069525386874734e-05 -3.3169760446952757e-05 7.631453800932426e-06 -3.1901489507077246e-05 -1.8978100173452734e-05 -0.000577498394219111 -0.00237450239183789 -0.000709077157210547 -0.00044569388923500246 0.0068324208272951 0.0007629525894023105 0.0007421232953832718
gmp -9.673100858993723e-05 1.764343544878278e-05 -3.223447773562972e-05 5.574414979083121e-06 3.9850509727155715e-06 -2.9542663873587938e-05 -1.250091007037807e-06 2.0287009730175183e-05 -2.4925682275634745e-05 -8.920519537923119e-07 -5.359318660284968e-06 2.813224769237597e-05 1.6041173841852132e-05 -3.189916557112783e-05 1.1857774055094554e-05 -5.7472540887705615e-06 3.205680405478063e-05 -2.8988751869570294e-05 2.7862519013136622e-05 -4.39662105721307e-06 4.7540311550846314e-07 -0.00016240512966402806 0.0002999192639157504 -0.0035665528726382457 -0.0025666941132679315 0.0007629525894023106 0.0106856574176248 -0.001869047726169059
gmm -7.304618351375662e-05 1.1111239109512835e-05 1.364037757455644e-05 -1.0006103031662714e-05 4.477560024338064e-05 -6.951118570948487e-06 3.9721610940259904e-05 -1.4406034667521526e-05 -1.1270260011295466e-05 -2.9448641536954138e-05 4.778783437629905e-06 -1.4667356908420365e-05 -2.1997116107622406e-06 -1.3312276394335603e-05 -3.902396746402553e-05 5.390087465328325e-06 2.39281282201052e-05 -4.104746221240659e-06 -2.4295784286630764e-05 -2.7865278525107195e-05 -8.248019632641783e-06 -0.00011227792228683787 -0.00028360182927780823 -0.0027253570901942695 -0.00038803451367221706 0.0007421232953832711 -0.0018690477261690606 0.0080207688518615
