Estimate Std. Error z value Pr(>|z|)
(Intercept) 0.0861933650723153 0.111749847151709 0.771306335258797 0.440525378132532
covarage 0.646664871442714 0.0946268397397932 6.83384199684705 8.26700768674246e-12
covarsex 0.106567977712424 0.0499931327771264 2.13165232488055 0.0330354388093368
covarpcs.V3 0.0154494751158734 0.0493383013932308 0.313133502362387 0.754179236864264
covarpcs.V4 -0.0288226432921748 0.046139106555047 -0.624690104429905 0.532174469053172
proband 0.490803478814426 0.0753574793861161 6.51300286066697 7.36631070204486e-11
paternal 0.0454392904296806 0.132783496690405 0.342205858124266 0.732195976937433
maternal -0.161749121537029 0.127021775440068 -1.27339679339742 0.202877274679149
gpp -0.00195594308143352 0.220067074700441 -0.00888794057037375 0.992908542807208
gpm -0.0340356308296599 0.221577563697329 -0.153605943949054 0.877920449973309
gmp 0.116543614883812 0.201966386913715 0.577044609574574 0.563909320748009
gmm 0.173224442502966 0.184351116047857 0.939644121590221 0.347400136402658
