Estimate Std. Error z value Pr(>|z|)
(Intercept) -4.49498476278799 0.176424519227037 -25.4782316113527 3.43622982253684e-143
covarage -1.07349405648782 0.136401880742904 -7.87008251382681 3.5440742250416e-15
covarsex -0.180549292728791 0.184536452949015 -0.978393644418183 0.327879670371848
covarage_sex -0.569276909359274 0.370786295223142 -1.53532349143778 0.124704386569632
covarPC_3 -0.125440238361098 0.0604482562122722 -2.0751671962314 0.0379710417322252
covarPC_4 -0.0670598144337276 0.0577477151327086 -1.16125485276117 0.245538273662446
proband 0.312696733669117 0.0855076505301235 3.65694451584723 0.000255239601238963
paternal 0.115953649455648 0.151959752127088 0.763055005240291 0.445430592478235
maternal -0.147887133561139 0.145316614513976 -1.01768909257734 0.30882573244111
gpp 0.164267943865566 0.242846013867562 0.676428413419011 0.498768682478469
gpm -0.266280509936083 0.232793178595679 -1.14385014003596 0.252685791774594
gmp 0.238812156244054 0.186834671901519 1.27820042079734 0.201178767817037
gmm 0.000149761498706827 0.186044387387805 0.000804977246610789 0.999357721152497
