Estimate Std. Error z value Pr(>|z|)
(Intercept) 0.1504807481856 0.0353566381316002 4.25608191665447 2.08040509685263e-05
covarSEX -1685.1867117826 473.494018908012 -3.55904540392935 0.000372205187926208
covarYOB -12.1884986916059 12.0347940910212 -1.01277168511752 0.31116922827259
covarYOBsq 11.4433170737554 12.018802310582 0.952117921407199 0.341037181090567
covarSEX_YOB 3346.6525262384 946.723240333828 3.53498507658724 0.000407798188712041
covarSEX_YOBsq -1661.75601418056 473.308693267964 -3.51093490953431 0.000446533720203826
covarPC1 0.0966220610852936 0.0358737609948072 2.69339089088763 0.00707292913585689
covarPC2 -0.0321584202839363 0.034162563844513 -0.941335095056147 0.346533163311701
covarPC3 0.0220312414513627 0.0350805038307318 0.628019527817117 0.529991147597428
covarPC4 0.0372676298335379 0.0358657709905707 1.03908625980286 0.298764620596246
covarPC5 -0.0702647261559214 0.0364443061806289 -1.92800284927002 0.0538547717735755
covarPC6 -9.12307255696497e-05 0.0329213893659437 -0.00277116875462204 0.997788930065248
covarPC7 -0.000141962420811498 0.0346404840387229 -0.00409816504448395 0.996730146536228
covarPC8 -0.0422464626632406 0.0349165910485116 -1.20992517867925 0.226307604647951
covarPC9 0.0208064828233386 0.0344891652043063 0.603275918685927 0.546325150216331
covarPC10 0.0101434756197039 0.0339741882003974 0.298564179366772 0.765272600147484
covarPC11 -0.021352929649354 0.0346494383399298 -0.616256155146591 0.537725471397998
covarPC12 -0.0146709769108246 0.0338117157332046 -0.433902172447792 0.664359482120588
covarPC13 -0.0650717316145722 0.0337913190784011 -1.92569373996901 0.0541426260075507
covarPC14 -0.0419921978319621 0.0339034955949986 -1.23858018458004 0.215501010135525
covarPC15 -0.0385397610351643 0.0339431467279497 -1.13542098333004 0.256198971939735
covarPC16 -0.00231030902890937 0.0341474240697373 -0.0676569050769734 0.946058755429329
covarPC17 0.0090444146677732 0.0338667189914003 0.267059075609593 0.78942367646328
covarPC18 -0.00231335802877824 0.0332269564917423 -0.0696229288816496 0.944493786613526
covarPC19 0.0124693324325664 0.0335949360310313 0.371167024132701 0.710513132545114
covarPC20 -0.0720417690956204 0.0334077561858395 -2.15643842390578 0.0310494470711499
proband 0.0355802296520476 0.0317387466667624 1.12103448903066 0.262273182057245
