 intercept PC1 PC2 PC3 PC4 PC5 PC6 PC7 PC8 PC9 PC10 PC11 PC12 PC13 PC14 PC15 PC16 PC17 PC18 PC19 PC20 proband
intercept 0.0003080921487541024 3.9343722666676025e-07 -2.457600144013697e-06 -4.604472410034331e-07 9.572898247676706e-08 -4.7443789322015317e-07 -3.724982130860145e-07 9.976110607894642e-07 4.195424994855198e-08 8.537872038528102e-07 -4.6129445568291784e-08 -4.1803033250576843e-07 5.515073289226165e-08 1.0130112599116985e-07 6.082497880701532e-08 -4.6519453373346296e-07 -6.446633154518856e-08 2.639920526518869e-07 -1.3330789155271943e-07 5.622181077703783e-07 4.400030144634571e-07 -3.72547773609939e-07
PC1 3.934372266667606e-07 9.80528410111126e-07 -6.940303167515239e-07 4.239726313601371e-08 -6.837741658829456e-08 -4.1868484441160226e-08 -1.1733708267012925e-08 6.178869619040584e-08 1.1738169242015254e-07 -3.54197862513173e-08 4.6236157000520354e-08 -4.62455508495664e-08 2.3728919914261892e-07 1.4054265760255128e-09 -1.1603151935085095e-07 -1.820991314562045e-07 -1.36914973364902e-07 1.8358768836984828e-08 5.053878341185713e-08 3.4459310972088704e-08 3.074442496702296e-08 4.275356235798537e-07
PC2 -2.4576001440136945e-06 -6.940303167515235e-07 1.89060374826984e-05 2.385282252055107e-07 5.826060946134285e-07 -2.8400830215524144e-07 -1.46581217198823e-07 1.5321220298247897e-08 3.1443737564528506e-08 -2.7835380494363695e-08 -6.752236751634391e-08 1.2229559522618468e-07 -1.2082040606152907e-07 2.5876785278515052e-08 -8.170073917810148e-08 1.641635988144213e-07 -1.6910553909428798e-07 1.784510962225477e-07 3.630219723430276e-08 4.717026530859703e-10 3.1177201575603916e-08 -7.028379713213386e-07
PC3 -4.6044724100343315e-07 4.239726313601365e-08 2.3852822520551065e-07 2.0457298235634595e-06 2.248173768937114e-08 2.9807382253934343e-07 1.3171600710714805e-08 4.0304253328021906e-08 -7.870974061984406e-08 -3.2018663486429477e-07 3.029557513782408e-08 1.2460447285162772e-07 7.673471620047438e-08 -1.682468178797868e-07 2.5722753076023456e-08 -1.158617351054402e-08 7.308949001580077e-10 -8.730280945050556e-08 -1.3261675363811214e-07 1.1063387991801359e-07 4.798471898573228e-08 -4.814816280640582e-07
PC4 9.57289824767674e-08 -6.837741658829457e-08 5.82606094613429e-07 2.248173768937116e-08 3.5239650149979196e-06 5.187079036499199e-07 -2.0140573198693616e-07 -2.2738775840191416e-08 -3.726897337565858e-07 2.566480817010881e-07 9.082614534460296e-08 9.12629790609422e-08 -1.9723814458152025e-07 3.159490170798725e-08 -7.441646242054055e-08 -5.4368867839193494e-08 6.775290880765835e-08 1.7699318526750164e-09 -8.728353537802434e-08 -7.654409176121726e-08 -3.70846088602485e-08 5.473829715238958e-07
PC5 -4.744378932201523e-07 -4.186848444116024e-08 -2.8400830215524144e-07 2.980738225393434e-07 5.187079036499195e-07 5.783397813234573e-06 7.084623531291616e-08 4.942906058076628e-07 -1.3938884283160745e-08 -7.25146846362043e-08 -1.0900168305797869e-07 -3.5823045758391727e-07 1.941855383290376e-07 -2.8533421791798326e-07 7.5301615559479e-08 5.2521861055044506e-08 -6.230789677725785e-08 2.47620186761166e-07 -9.503977513583419e-08 9.806972658710834e-08 7.470887516871155e-08 2.4660282707420865e-08
PC6 -3.7249821308601493e-07 -1.1733708267012915e-08 -1.4658121719882285e-07 1.3171600710714865e-08 -2.014057319869362e-07 7.084623531291622e-08 6.379018191962313e-06 1.2957993454710434e-08 -8.703609577190952e-09 4.0873391938682574e-08 1.8783681476190897e-08 -1.5742636214256826e-07 1.3267987277465571e-08 -1.7350453116260437e-07 -2.6368460042426622e-08 -1.0283488470268208e-08 1.0557269258621818e-08 2.643896863886538e-07 -5.3392801302368865e-08 -2.1927958746131765e-08 -1.146450048635849e-07 5.476316875987817e-07
PC7 9.97611060789464e-07 6.178869619040587e-08 1.5321220298247973e-08 4.030425332802189e-08 -2.273877584019151e-08 4.94290605807663e-07 1.2957993454710444e-08 5.3290493949070846e-06 2.450122025430339e-07 -8.808125070059559e-08 -4.404621220992602e-08 3.2088013812146476e-07 5.849194328535294e-08 2.583748259112917e-07 -2.4347966083355735e-08 -1.5460957121812087e-07 -9.498591046631553e-08 -2.062351953752932e-08 4.769674110047859e-08 -6.439123073505625e-08 -1.1558813496265572e-07 3.762940142677778e-07
PC8 4.195424994855239e-08 1.1738169242015261e-07 3.144373756452825e-08 -7.870974061984413e-08 -3.72689733756586e-07 -1.3938884283161029e-08 -8.703609577191004e-09 2.45012202543034e-07 5.326172086381883e-06 7.641069893522239e-09 1.5206038219927192e-07 -2.3642759673449434e-07 1.1347046914845996e-07 -3.3934927455406886e-08 5.6550795563132404e-08 -6.822584513742247e-08 3.442600181933521e-08 6.456764302953274e-08 -3.4220852060852314e-08 -7.793440075134488e-08 1.0025032986858596e-07 2.6907143603746007e-07
PC9 8.537872038528108e-07 -3.541978625131731e-08 -2.7835380494363672e-08 -3.2018663486429477e-07 2.5664808170108826e-07 -7.251468463620425e-08 4.0873391938682594e-08 -8.808125070059558e-08 7.641069893522196e-09 5.065943404133629e-06 9.16378805411633e-09 -1.5134005184858194e-07 -3.123874311656782e-08 -9.634321071264306e-08 -7.789661834218977e-08 3.8764042072139476e-08 1.4801745950695403e-07 1.293430288646696e-07 -2.124639087901326e-07 -1.049430818722262e-07 -9.631680918749099e-08 9.134592883368177e-08
PC10 -4.61294455682917e-08 4.623615700052033e-08 -6.752236751634384e-08 3.029557513782409e-08 9.082614534460308e-08 -1.0900168305797872e-07 1.8783681476190914e-08 -4.404621220992612e-08 1.5206038219927182e-07 9.16378805411626e-09 4.632848083374653e-06 -2.1967207199275457e-07 1.5395324744446804e-07 -1.7442570964933102e-07 -1.3712290600656515e-07 -9.536917520133585e-08 -1.436177178525953e-07 5.5968172405052794e-08 2.049069603261702e-07 1.3420489375218578e-07 2.276781981973316e-08 6.686196401289496e-07
PC11 -4.1803033250576965e-07 -4.6245550849566414e-08 1.2229559522618468e-07 1.2460447285162772e-07 9.126297906094221e-08 -3.582304575839173e-07 -1.574263621425682e-07 3.2088013812146465e-07 -2.3642759673449445e-07 -1.5134005184858194e-07 -2.1967207199275465e-07 4.5858083920861315e-06 -6.945859222805761e-08 -4.7149083085929584e-08 -1.0344239693987328e-07 9.201502281965296e-08 1.47446244067099e-08 1.5012214093566963e-07 -3.874786407460294e-08 8.126932045763268e-08 1.7887632743298796e-07 -7.775130479906284e-07
PC12 5.515073289226199e-08 2.3728919914261886e-07 -1.2082040606152904e-07 7.67347162004744e-08 -1.9723814458152018e-07 1.941855383290376e-07 1.3267987277465422e-08 5.84919432853529e-08 1.1347046914845993e-07 -3.12387431165678e-08 1.53953247444468e-07 -6.945859222805755e-08 4.430469151298802e-06 4.4873078877786387e-10 -1.4043973890667252e-08 -1.1253784245861308e-07 -7.357369158820612e-08 -2.7004783804818823e-08 3.835699997932016e-08 -3.145474385080374e-08 -4.774920152038188e-08 3.85658084510929e-07
PC13 1.0130112599116912e-07 1.4054265760255153e-09 2.5876785278514956e-08 -1.682468178797867e-07 3.159490170798715e-08 -2.8533421791798336e-07 -1.7350453116260442e-07 2.583748259112917e-07 -3.39349274554069e-08 -9.634321071264311e-08 -1.744257096493311e-07 -4.714908308592951e-08 4.4873078877780137e-10 4.20885999885915e-06 -9.250958699188305e-08 2.2308315481715075e-07 4.245169433636845e-08 1.377683220084403e-08 -1.1368872975048876e-07 2.5041316904949702e-08 5.3582516810638365e-08 4.841405454237406e-07
PC14 6.082497880701537e-08 -1.1603151935085091e-07 -8.17007391781014e-08 2.57227530760235e-08 -7.441646242054047e-08 7.5301615559479e-08 -2.636846004242657e-08 -2.4347966083355784e-08 5.655079556313236e-08 -7.789661834218972e-08 -1.3712290600656515e-07 -1.0344239693987324e-07 -1.4043973890667232e-08 -9.250958699188317e-08 4.593438689075642e-06 4.509963747087363e-09 -7.933180030888305e-08 -3.2899712153916035e-08 1.0343321770255773e-07 1.2063269136976655e-07 1.5269321593992415e-08 5.663104223561972e-07
PC15 -4.6519453373346296e-07 -1.820991314562045e-07 1.6416359881442134e-07 -1.1586173510543993e-08 -5.436886783919352e-08 5.2521861055044625e-08 -1.0283488470268254e-08 -1.5460957121812082e-07 -6.822584513742254e-08 3.876404207213942e-08 -9.536917520133592e-08 9.20150228196529e-08 -1.1253784245861316e-07 2.2308315481715073e-07 4.509963747087411e-09 4.355864042182795e-06 1.166836306260694e-07 -1.6622616240764999e-07 -7.33840302511202e-08 1.0272773631718577e-07 8.55034906420287e-08 -1.7417719936757497e-07
PC16 -6.446633154518847e-08 -1.3691497336490202e-07 -1.6910553909428798e-07 7.308949001579969e-10 6.775290880765835e-08 -6.230789677725792e-08 1.055726925862184e-08 -9.498591046631562e-08 3.4426001819335304e-08 1.4801745950695405e-07 -1.4361771785259524e-07 1.474462440670993e-08 -7.357369158820617e-08 4.245169433636852e-08 -7.933180030888297e-08 1.1668363062606944e-07 4.463958271759628e-06 3.885777660896951e-09 -4.586779380866235e-08 -1.4403536081731838e-07 -9.597473197577314e-08 -7.162964339150367e-07
PC17 2.639920526518866e-07 1.8358768836984795e-08 1.784510962225479e-07 -8.730280945050556e-08 1.7699318526749996e-09 2.476201867611661e-07 2.6438968638865384e-07 -2.0623519537529264e-08 6.456764302953277e-08 1.2934302886466962e-07 5.596817240505279e-08 1.5012214093566966e-07 -2.7004783804818903e-08 1.377683220084408e-08 -3.289971215391611e-08 -1.6622616240765007e-07 3.885777660897025e-09 4.093882691887529e-06 -5.552015448929704e-09 -4.855009460661753e-08 3.6909536878285848e-09 -1.1360377496346593e-07
PC18 -1.3330789155271975e-07 5.053878341185718e-08 3.630219723430264e-08 -1.3261675363811212e-07 -8.728353537802436e-08 -9.503977513583431e-08 -5.339280130236879e-08 4.769674110047858e-08 -3.4220852060852334e-08 -2.124639087901326e-07 2.049069603261701e-07 -3.8747864074602956e-08 3.835699997932017e-08 -1.1368872975048878e-07 1.0343321770255764e-07 -7.338403025112029e-08 -4.5867793808662336e-08 -5.5520154489297456e-09 4.129644258406825e-06 -1.8694709921568273e-08 4.731788337576296e-08 4.1999907996921845e-07
PC19 5.622181077703785e-07 3.4459310972088704e-08 4.717026530859961e-10 1.106338799180136e-07 -7.654409176121726e-08 9.806972658710833e-08 -2.1927958746131758e-08 -6.439123073505634e-08 -7.793440075134497e-08 -1.0494308187222623e-07 1.3420489375218578e-07 8.126932045763272e-08 -3.1454743850803826e-08 2.5041316904949716e-08 1.2063269136976658e-07 1.0272773631718578e-07 -1.4403536081731844e-07 -4.855009460661758e-08 -1.8694709921568213e-08 4.1588822394544854e-06 1.1162754237148118e-07 -3.041839010204502e-08
PC20 4.400030144634569e-07 3.074442496702297e-08 3.1177201575603876e-08 4.798471898573221e-08 -3.708460886024852e-08 7.470887516871154e-08 -1.1464500486358497e-07 -1.1558813496265575e-07 1.0025032986858596e-07 -9.631680918749107e-08 2.2767819819733017e-08 1.7887632743298806e-07 -4.774920152038194e-08 5.3582516810638465e-08 1.526932159399238e-08 8.550349064202872e-08 -9.59747319757731e-08 3.6909536878285455e-09 4.7317883375763026e-08 1.1162754237148115e-07 3.839820951996951e-06 8.128376713931177e-07
proband -3.7254777360993816e-07 4.2753562357985375e-07 -7.028379713213375e-07 -4.814816280640581e-07 5.473829715238964e-07 2.4660282707420994e-08 5.476316875987816e-07 3.7629401426777776e-07 2.690714360374597e-07 9.134592883368177e-08 6.686196401289501e-07 -7.775130479906284e-07 3.856580845109292e-07 4.841405454237407e-07 5.66310422356197e-07 -1.7417719936757463e-07 -7.162964339150371e-07 -1.1360377496346565e-07 4.1999907996921776e-07 -3.041839010204534e-08 8.12837671393118e-07 0.00020983987546888724
