Estimate Std. Error z value Pr(>|z|)
(Intercept) -1.32957989686213 0.0407040139039547 -32.6645892957734 4.97386318694318e-234
covarSEX 64.631958291671 569.279314741255 0.113532947040324 0.909608043975975
covarYOB 34.7042161829598 12.7765574886091 2.71624153954617 0.0066027727110982
covarYOBsq -35.0298189555003 12.7752891655429 -2.74199812635017 0.00610666899420755
covarSEX_YOB -112.06626526452 1139.98850264399 -0.0983047329026597 0.921690320074937
covarSEX_YOBsq 47.1693495984036 570.804247366122 0.0826366478807026 0.934140460123956
covarPC1 0.0259037827929405 0.0422341374781918 0.613337559132497 0.539653163571449
covarPC2 -0.0410536306001972 0.0399700157798133 -1.02711069283418 0.304368344204176
covarPC3 0.0758472664168631 0.0430858071801083 1.76037705641221 0.0783438968434208
covarPC4 0.0216051308827313 0.0420626298522119 0.513641941995578 0.607502350106751
covarPC5 -0.00967622373310585 0.0424439467838187 -0.227976530608478 0.819664485984205
covarPC6 0.0156818601680289 0.038925106643979 0.402872632089617 0.687041925564272
covarPC7 0.0526880211743856 0.0409272307563561 1.28735856789438 0.197969338418417
covarPC8 -0.0374676341202806 0.0410596772616033 -0.912516527627903 0.361496873157209
covarPC9 0.107042647726127 0.0410220885574709 2.60939048913033 0.00907036727369798
covarPC10 0.0129700325614615 0.040035924258927 0.323959863586002 0.745968421117429
covarPC11 -0.0137634838492251 0.0408679662498869 -0.336779270225203 0.736283301104638
covarPC12 0.0149043246680998 0.0399322435837749 0.37324035241926 0.708969565680392
covarPC13 -0.0110319036605018 0.0398251949582409 -0.277008152052221 0.781773846567601
covarPC14 -0.0237813320304871 0.0401922244659988 -0.591689869034376 0.554058281826513
covarPC15 0.0138466047873791 0.0399076133268021 0.346966496692993 0.728616488804106
covarPC16 0.0255461108156038 0.0401975528200861 0.635514080420308 0.525093186427361
covarPC17 -0.0478612700945107 0.0401212378676421 -1.19291608729528 0.232902238146678
covarPC18 -0.000205698154400731 0.0391649700491194 -0.00525209528164456 0.995809453528611
covarPC19 -0.00414617581194206 0.0393395918248047 -0.105394479698891 0.916062796231836
covarPC20 -0.0256252827773975 0.039274772783665 -0.652461642962207 0.514103409387376
proband 0.026050931172447 0.0375899130227217 0.693029833740242 0.488290829234775
