Estimate Std. Error z value Pr(>|z|)
(Intercept) -1.3293231291854 0.0406734568432665 -32.6828165677655 2.74035521280071e-234
covarSEX 94.2926782491605 568.758127095469 0.165786955398236 0.868324612141421
covarYOB 34.7604891819789 12.7553785648988 2.72516327172252 0.00642696963419827
covarYOBsq -35.086047873314 12.754085107652 -2.7509654810335 0.00594199043861287
covarSEX_YOB -171.294170959836 1138.94231302856 -0.150397582915633 0.880450948135945
covarSEX_YOBsq 76.7394202030798 570.279143279367 0.134564662073722 0.892956083001388
covarPC1 0.0219580993345616 0.0422046508810438 0.520276767516729 0.602870686162219
covarPC2 -0.0425759991086059 0.0399274582886763 -1.06633381971827 0.286272766588024
covarPC3 0.0744137208081541 0.0430250981470875 1.72954215127552 0.0837121092849797
covarPC4 0.020556049865799 0.0420469128306674 0.488883689239753 0.6249240438652
covarPC5 -0.00900405946051584 0.0423874389524071 -0.212422823436577 0.831777181526216
covarPC6 0.0147871521700495 0.0389098594266359 0.380036124209867 0.703918600054467
covarPC7 0.0525626041311647 0.0409116007514822 1.28478483280223 0.198867483920925
covarPC8 -0.0371992701981549 0.0410150008342082 -0.906967437316962 0.364424017132682
covarPC9 0.104575638063781 0.0410035971509652 2.55040155815498 0.0107598906361742
covarPC10 0.0139129711006384 0.0399833722282088 0.347968926213346 0.727863520180727
covarPC11 -0.0131182137865661 0.040837300358498 -0.321231170312567 0.748035212350863
covarPC12 0.0142099114597579 0.0399157030462144 0.355998025220943 0.721842044079341
covarPC13 -0.00785828270853606 0.0398553395934267 -0.197170135512585 0.84369440025466
covarPC14 -0.0226510993939472 0.0401786769865277 -0.563759214907507 0.572918011960493
covarPC15 0.0141382107043765 0.0398791057687942 0.35452677365298 0.722944142841609
covarPC16 0.0236800214795239 0.0401761744155612 0.589404586773001 0.555589900352089
covarPC17 -0.0490183022084556 0.0401006449551844 -1.22238189094558 0.221563244146733
covarPC18 -0.0014707439605357 0.0391449445691881 -0.037571747175071 0.970029134498836
covarPC19 -0.00383959539534172 0.0393218605336684 -0.0976453134015404 0.922213941515241
covarPC20 -0.0273299862856057 0.0392724837741389 -0.695906743326549 0.486487234001576
proband 0.109740677571645 0.0515844195626362 2.12739967808288 0.0333868888817049
paternal -0.123727478671329 0.0541411599581004 -2.28527572676835 0.0222966652957762
maternal -0.0637544048580869 0.0528495606632095 -1.20633746161808 0.227687398816179
