Estimate Std. Error z value Pr(>|z|)
(Intercept) -1.00158254899113 0.109497453802146 -9.1470852902289 5.84903343876796e-20
covarSEX 3184.54321089274 1214.91358969835 2.62120963819611 0.00876183645919974
covarYOB 18.5427199749141 27.3962055054112 0.676835336603516 0.498510435159026
covarYOBsq -17.7191574896432 27.2542788351983 -0.650142225255261 0.515600356205826
covarSEX_YOB -6348.87817570457 2417.72825827671 -2.62596847018279 0.00864028205031415
covarSEX_YOBsq 3164.09350320934 1203.07191245965 2.63001194728288 0.00853818675228568
covarPC1 0.207550852192744 0.0530656079967058 3.91121217730378 9.18340502518032e-05
covarPC2 -0.0438031912594752 0.0494373638833129 -0.886034121132834 0.375599140782955
covarPC3 0.0961685057446443 0.0511236032616287 1.88109795885269 0.0599585946211396
covarPC4 0.108678294604013 0.0527749821337032 2.05927676732663 0.0394677327717185
covarPC5 -0.103634740894667 0.0573683880144497 -1.80647817520277 0.0708436801963222
covarPC6 0.0212479008243476 0.0465574322886189 0.456380426923624 0.648116438180161
covarPC7 0.112776176724432 0.0484517621291068 2.32759701131042 0.0199335123000385
covarPC8 -0.0280177758784721 0.050690678206174 -0.552720477806896 0.580454828856594
covarPC9 0.0171166569729868 0.0488203607741233 0.350604884961425 0.725884791240801
covarPC10 0.0463148720816857 0.0507183855697501 0.913177175523292 0.361149366101049
covarPC11 0.0878794343792812 0.0506324005673469 1.73563633946985 0.0826281562671836
covarPC12 0.00169786872680762 0.0482273884122361 0.0352054876431343 0.971915886438916
covarPC13 -0.0254078311000123 0.0474889684286864 -0.535025963728121 0.592631903701892
covarPC14 -0.123611671755354 0.0486620562467996 -2.54020650357296 0.0110787034390601
covarPC15 -0.106852071481014 0.049885803303579 -2.14193346413143 0.0321988365411824
covarPC16 -0.0277236680791603 0.0496118243752119 -0.558811703223965 0.576290234470385
covarPC17 -0.0164009777320051 0.0490226169961491 -0.334559408227705 0.737957469469147
covarPC18 0.0217062337766627 0.0480881110693094 0.451384620730423 0.651712365654818
covarPC19 0.0393789055280371 0.0484007139797534 0.813601748612837 0.415873135837504
covarPC20 -0.0043092160027441 0.0473719743040898 -0.0909655142317358 0.927519993069538
proband -0.0391244919259151 0.0532471107821694 -0.734772109720111 0.462478295526832
paternal 0.00214091116777905 0.096831518374668 0.022109651936834 0.98236048722681
gpp 0.245644337109794 0.124890466433195 1.96687821036517 0.0491972531464643
gmp -0.130976490012545 0.112913157335641 -1.1599754457597 0.246058803326634
