Estimate Std. Error z value Pr(>|z|)
(Intercept) -1.33070671864127 0.0407714316994517 -32.6382141409856 1.17774759036184e-233
covarSEX 66.4558902461912 568.802948373031 0.116834644469192 0.906991089430706
covarYOB 34.5627115525748 12.7581229592421 2.70907496839395 0.00674710922145183
covarYOBsq -34.8878524877619 12.7568466661274 -2.73483356826714 0.00624118235513732
covarSEX_YOB -115.773827523806 1139.03520072557 -0.101642010229409 0.919040832764962
covarSEX_YOBsq 49.0539093531682 570.32722132693 0.0860101140517874 0.931458377172177
covarPC1 0.0141980073405843 0.0430913441542873 0.3294862952 0.74178815104604
covarPC2 -0.0415636247515687 0.0399252837371193 -1.04103517523474 0.297859223325774
covarPC3 0.073879432907936 0.0430120459618087 1.71764516790332 0.0858613563701926
covarPC4 0.0191443027166629 0.0420441764112197 0.455337798258171 0.648866237211466
covarPC5 -0.009528314562563 0.0423954693882262 -0.224748415339143 0.822174997967628
covarPC6 0.0149250411404409 0.0388900082234506 0.383775726008747 0.701144680791087
covarPC7 0.0520835615664629 0.0408895428848245 1.27376238255265 0.202747640517317
covarPC8 -0.0389692794387802 0.0410099826023835 -0.950238867853491 0.341990893305379
covarPC9 0.107467772864868 0.0409879883878464 2.62193332953938 0.00874325330962928
covarPC10 0.0123319823022844 0.0399700683254392 0.30853042836646 0.757678750279997
covarPC11 -0.0137982453805026 0.0407983228729088 -0.338206191060491 0.735207810685719
covarPC12 0.0132098954421372 0.0398957424177831 0.331110405311045 0.74056109224013
covarPC13 -0.0127308112877034 0.0398290508543537 -0.319636321092794 0.749244037405072
covarPC14 -0.0250108879677079 0.0401374311688276 -0.623131257765504 0.533198270436964
covarPC15 0.0137163582397583 0.0398405164021777 0.344281637850671 0.730634492067008
covarPC16 0.0259634170407581 0.0401268751617174 0.647033115240635 0.517610511434575
covarPC17 -0.044595979297894 0.040127621677955 -1.1113536619688 0.266416149639433
covarPC18 0.000254003001566542 0.0391299706147731 0.00649126481762922 0.994820756394506
covarPC19 -0.00152825375852178 0.039347896755154 -0.0388395285275725 0.969018329389451
covarPC20 -0.0265557366697741 0.0392348955922142 -0.676839743522698 0.498507638767161
proband 0.0538929173469845 0.0532337780470136 1.01238197483163 0.311355453405837
paternal -0.0323465987241246 0.0560955458394663 -0.576633995445803 0.564186729141811
maternal 0.0385166530067441 0.0531896087503298 0.724138678807358 0.46898060069121
