 intercept PC1 PC2 PC3 PC4 PC5 PC6 PC7 PC8 PC9 PC10 PC11 PC12 PC13 PC14 PC15 PC16 PC17 PC18 PC19 PC20 proband paternal maternal
intercept 0.0007703022800193825 2.3813963105204565e-08 -2.231412136668044e-05 1.8460975883509934e-06 1.182400325395432e-06 -8.927553928994432e-08 2.2198206822722992e-06 2.221289697461046e-06 -2.9643872245534246e-07 2.5679639185717244e-06 -1.0769301946706284e-06 2.0476396745610726e-07 -3.0895305512690183e-07 -2.079675269692583e-06 -1.2239232282544017e-06 -1.966775446425341e-06 1.3466578177134175e-06 -1.5549028908425865e-06 -7.469212853997594e-07 7.014198363268661e-07 -7.126313966182213e-07 6.7477290405507485e-06 1.0886117541746332e-05 -4.35896817947681e-05
PC1 2.3813963105204148e-08 2.564872340297019e-06 -1.6096329241797019e-06 -3.6221544962944604e-07 -4.4242832966062266e-08 -2.6789609861224785e-07 1.1883276093608478e-07 8.830482833731305e-08 9.257197256287856e-08 -2.9794380171746082e-08 2.205312343678266e-07 -4.845504294163508e-09 5.937918484419743e-07 -1.098247837765933e-07 -2.496260492128068e-07 -7.304109322036452e-07 -6.135533852402544e-07 2.2240562349055322e-07 5.440401664765859e-09 1.6801409674028177e-07 1.2603631719174338e-08 6.890494899180696e-08 -5.030961485972325e-06 -2.079310941221582e-06
PC2 -2.2314121366680422e-05 -1.6096329241797027e-06 4.7098903243860574e-05 8.452262960002234e-07 1.2965915622402203e-06 -5.322163659350432e-07 -5.245926418271708e-07 -4.625897664851994e-07 1.047760674933544e-06 -3.330966383243013e-07 -1.611966817341844e-08 2.477377410249403e-08 -9.574443758936103e-07 8.109173349276698e-07 -1.0477418112672896e-06 5.383603190163324e-08 1.520074190345987e-07 7.977219926963734e-07 1.8879201939147656e-07 -4.0437360282004023e-07 -2.8425562893043944e-07 8.369646979180242e-06 2.2318142772231826e-07 2.2799011324836688e-06
PC3 1.8460975883509945e-06 -3.6221544962944583e-07 8.452262960002234e-07 4.921275074168206e-06 1.3459353100193053e-07 1.1568009433844462e-06 2.6804531227256888e-09 4.761806298392777e-07 -2.424008920605311e-07 -9.402481020521562e-07 -9.167096354401241e-08 4.302301377827102e-07 6.380698633684323e-08 -7.575132030976021e-07 1.0797312094475861e-07 -2.960268291961002e-08 2.9835553702687285e-07 -3.619961749891889e-07 -5.159683361701475e-07 3.9487365109767237e-07 1.1692292484335564e-07 -6.14714786403672e-07 2.916744432498083e-06 -2.155302094298089e-06
PC4 1.1824003253954324e-06 -4.4242832966062306e-08 1.29659156224022e-06 1.3459353100193043e-07 9.185715384972697e-06 1.5749462501319546e-06 -3.9884761656549596e-07 2.415976328898858e-07 -1.2599350782293674e-06 4.6920025786414595e-07 3.9271236812873814e-07 2.4552796210812986e-07 -1.0457176855057571e-06 -6.392152372911377e-07 7.653517116498395e-08 8.393940540475527e-09 5.60366536784081e-08 -7.944253758850407e-08 -4.594432298339506e-07 -1.237176827621363e-07 9.803247793352879e-08 -1.166845957041232e-06 -1.29760147863412e-06 2.5127885000527254e-07
PC5 -8.927553928994395e-08 -2.6789609861224785e-07 -5.322163659350428e-07 1.1568009433844465e-06 1.5749462501319546e-06 1.6423821973091488e-05 4.134709900497978e-07 9.122157598877879e-07 -6.964085533355404e-07 -5.732090056450773e-07 -3.514115616865784e-07 -8.440527915967578e-07 5.563251719749536e-07 -1.1436252244292907e-06 4.76304281537977e-07 3.8033207747888347e-08 -9.795987019605469e-08 7.599255165586644e-07 -1.963272225010468e-07 1.58302898701518e-07 -1.4505408021771465e-07 4.866995735317551e-07 -4.3683723145165534e-06 2.2996180126091754e-07
PC6 2.2198206822723e-06 1.1883276093608484e-07 -5.245926418271707e-07 2.6804531227256255e-09 -3.988476165654963e-07 4.1347099004979786e-07 1.544356096554979e-05 -7.530219206345925e-08 3.60139159171386e-07 1.787493777142856e-07 1.832406121628792e-07 -3.5380082831826966e-07 -3.8859025314911645e-08 -1.1339073085842414e-07 -1.813817723658558e-07 -1.674153447360953e-07 -6.84388144644761e-08 2.70512495463099e-07 -4.5800399265402916e-07 -2.624771002791753e-07 -5.475369508541166e-07 2.0188066173454635e-06 -8.073985378380344e-06 -4.287856500976483e-06
PC7 2.2212896974610477e-06 8.830482833731321e-08 -4.6258976648519986e-07 4.7618062983927786e-07 2.415976328898858e-07 9.12215759887788e-07 -7.53021920634592e-08 1.3084868545813626e-05 9.110168481822137e-07 -2.5210467111011687e-07 -1.581903770108902e-07 1.1824620455608152e-06 4.0988665558817324e-07 2.3331815651118908e-07 -3.1750041322375693e-07 -4.843574062220729e-07 1.3745747486073075e-07 -3.9833779890356076e-07 6.988871033201908e-08 5.238881412856169e-08 -4.7187471715843033e-07 1.7115161558866196e-07 2.1342154932388277e-06 -5.275398418228272e-07
PC8 -2.964387224553407e-07 9.257197256287855e-08 1.0477606749335443e-06 -2.4240089206053126e-07 -1.2599350782293678e-06 -6.964085533355407e-07 3.601391591713857e-07 9.110168481822137e-07 1.4572894182504818e-05 3.2812763012005945e-07 4.1268204304606526e-07 -7.739478504483574e-07 3.8043411988665285e-07 -1.0097206949799397e-07 -4.731176388024951e-07 -4.911867812780923e-07 3.919086920569108e-07 8.507579083589656e-08 -7.646924411447744e-07 -3.0153267475815954e-07 9.870792708923639e-08 1.718126730990709e-06 -4.658387481690935e-06 -6.069363128037453e-06
PC9 2.5679639185717256e-06 -2.9794380171746085e-08 -3.33096638324301e-07 -9.402481020521562e-07 4.6920025786414537e-07 -5.732090056450778e-07 1.7874937771428563e-07 -2.521046711101169e-07 3.2812763012006024e-07 1.2490817055706864e-05 -2.0014138576315557e-07 -4.34966006316858e-08 -4.241219253142951e-07 8.274255293069964e-08 -8.182717840361434e-07 4.3134259340536247e-07 4.173153333583412e-07 4.1264461533825703e-07 -5.459242169096813e-07 -2.7706467303385986e-07 -7.273125230623251e-07 1.324543863598669e-06 8.69331800073986e-09 -1.2422062439376274e-06
PC10 -1.0769301946706234e-06 2.2053123436782682e-07 -1.6119668173418784e-08 -9.167096354401284e-08 3.927123681287385e-07 -3.5141156168657854e-07 1.8324061216287897e-07 -1.5819037701089042e-07 4.1268204304606553e-07 -2.001413857631554e-07 1.2619796580411007e-05 -4.751682866456282e-07 -7.763338354084194e-08 -3.0831571455390546e-07 1.4384693520099522e-08 1.3385091485905915e-07 -3.430098608440195e-07 6.986701209151929e-08 1.13160804047322e-07 3.772944533886128e-07 7.850244810736677e-08 6.515247196788327e-07 -4.277026702157112e-06 -4.632009154349713e-06
PC11 2.0476396745610785e-07 -4.845504294163723e-09 2.4773774102494714e-08 4.3023013778271046e-07 2.4552796210813013e-07 -8.440527915967581e-07 -3.5380082831826955e-07 1.1824620455608152e-06 -7.739478504483579e-07 -4.3496600631685786e-08 -4.7516828664562833e-07 1.2346958821388388e-05 -9.559878681339492e-09 -1.2863925750148082e-07 -4.310199268169156e-07 3.697059207808976e-07 2.49672795684907e-07 4.506437381697799e-07 5.193568924031745e-08 6.356751624510464e-07 2.4501169876584464e-07 1.4108630504683115e-07 -9.561385980078205e-07 -1.192127030199969e-07
PC12 -3.089530551269009e-07 5.937918484419744e-07 -9.574443758936103e-07 6.380698633684328e-08 -1.0457176855057567e-06 5.563251719749536e-07 -3.885902531491228e-08 4.0988665558817276e-07 3.804341198866527e-07 -4.241219253142951e-07 -7.76333835408419e-08 -9.559878681339247e-09 1.1298622251329701e-05 -3.3612321094120564e-08 -4.3066366233994805e-08 -5.22123170637406e-07 2.1519167848182795e-07 -1.6196161166281815e-07 -1.4800087420553903e-07 -1.5811111434249462e-07 -5.95150998744965e-07 1.5218756477304605e-06 2.5210834167648905e-06 -3.2191754732882757e-06
PC13 -2.079675269692583e-06 -1.0982478377659347e-07 8.109173349276688e-07 -7.575132030976018e-07 -6.392152372911384e-07 -1.1436252244292909e-06 -1.1339073085842378e-07 2.3331815651118934e-07 -1.0097206949799403e-07 8.274255293069957e-08 -3.083157145539059e-07 -1.28639257501481e-07 -3.361232109412003e-08 1.1660592102118944e-05 -6.197301608572944e-07 9.405045297145434e-07 1.839349194555506e-07 1.799866669244331e-07 -1.1030012679279316e-07 7.730694124959804e-09 1.95046191424834e-07 -4.7545387114663644e-07 -4.822414358242621e-06 -4.353189985759989e-08
PC14 -1.2239232282544028e-06 -2.496260492128067e-07 -1.0477418112672898e-06 1.0797312094475857e-07 7.653517116498429e-08 4.7630428153797706e-07 -1.8138177236585584e-07 -3.1750041322375693e-07 -4.7311763880249516e-07 -8.182717840361431e-07 1.4384693520099476e-08 -4.310199268169158e-07 -4.3066366233995056e-08 -6.197301608572948e-07 1.2067510360508857e-05 -1.0673838807538722e-07 6.263980526355977e-08 3.6618177533253022e-09 1.5770476467829717e-07 -8.695667772582017e-08 1.4749624058305098e-07 -1.5605943043813423e-06 6.508374312737221e-07 -2.8462533339347112e-06
PC15 -1.9667754464253436e-06 -7.304109322036452e-07 5.383603190163316e-08 -2.9602682919609875e-08 8.393940540475132e-09 3.803320774788825e-08 -1.6741534473609535e-07 -4.84357406222073e-07 -4.911867812780924e-07 4.313425934053628e-07 1.3385091485905907e-07 3.6970592078089705e-07 -5.22123170637406e-07 9.405045297145433e-07 -1.0673838807538715e-07 1.1439377104010413e-05 3.739478430679314e-07 -6.518052169711056e-07 -8.152058318814285e-08 -9.305898842986554e-08 1.5148037978807366e-07 -5.136659921172596e-06 6.3901797723561555e-06 5.907025581573155e-06
PC16 1.3466578177134162e-06 -6.135533852402545e-07 1.520074190345992e-07 2.98355537026873e-07 5.6036653678408e-08 -9.795987019605458e-08 -6.843881446447577e-08 1.3745747486073088e-07 3.9190869205691065e-07 4.173153333583415e-07 -3.430098608440195e-07 2.4967279568490747e-07 2.1519167848182808e-07 1.8393491945555026e-07 6.263980526355975e-08 3.739478430679314e-07 1.1674933013097336e-05 -3.843383583179068e-07 -8.574627672188363e-09 -6.495541026540929e-07 -2.1002193363541807e-07 1.2419588721546138e-06 1.4500300525516722e-06 -4.51106655763266e-06
PC17 -1.5549028908425835e-06 2.22405623490553e-07 7.977219926963741e-07 -3.619961749891887e-07 -7.944253758850403e-08 7.599255165586645e-07 2.705124954630988e-07 -3.983377989035607e-07 8.507579083589656e-08 4.126446153382568e-07 6.986701209151943e-08 4.506437381697798e-07 -1.619616116628182e-07 1.799866669244334e-07 3.661817753325513e-09 -6.518052169711055e-07 -3.8433835831790696e-07 1.0529195157576867e-05 3.615402723344337e-07 -1.6587480745777984e-07 1.201865180224391e-07 1.2818472408841446e-06 -1.3062838742289056e-06 1.7746023942381695e-06
PC18 -7.469212853997576e-07 5.440401664765954e-09 1.887920193914765e-07 -5.159683361701474e-07 -4.5944322983395005e-07 -1.963272225010463e-07 -4.5800399265402895e-07 6.988871033201926e-08 -7.646924411447747e-07 -5.45924216909681e-07 1.1316080404732199e-07 5.1935689240317726e-08 -1.4800087420553905e-07 -1.1030012679279359e-07 1.5770476467829714e-07 -8.152058318814304e-08 -8.574627672187876e-09 3.615402723344337e-07 1.0549253806636439e-05 -2.3402268999196085e-07 6.17903702025128e-08 1.006659484449681e-06 2.883444731070238e-06 1.027682773842668e-06
PC19 7.014198363268667e-07 1.680140967402816e-07 -4.0437360282004023e-07 3.9487365109767253e-07 -1.237176827621361e-07 1.5830289870151773e-07 -2.624771002791751e-07 5.2388814128561874e-08 -3.0153267475815954e-07 -2.7706467303385986e-07 3.772944533886125e-07 6.356751624510469e-07 -1.5811111434249507e-07 7.730694124959836e-09 -8.695667772582008e-08 -9.305898842986555e-08 -6.495541026540931e-07 -1.6587480745777995e-07 -2.3402268999196133e-07 1.0678103871697449e-05 5.582471266312999e-07 -8.023259775612674e-07 2.021896069171621e-06 3.986164495657176e-06
PC20 -7.126313966182214e-07 1.2603631719174528e-08 -2.842556289304395e-07 1.1692292484335546e-07 9.803247793352856e-08 -1.450540802177149e-07 -5.475369508541167e-07 -4.7187471715843033e-07 9.870792708923657e-08 -7.273125230623252e-07 7.850244810736712e-08 2.4501169876584464e-07 -5.951509987449653e-07 1.9504619142483402e-07 1.4749624058305098e-07 1.5148037978807347e-07 -2.1002193363541846e-07 1.2018651802243916e-07 6.179037020251286e-08 5.582471266313005e-07 9.924421504224958e-06 -3.2844704539941744e-06 2.0246960273505814e-06 2.3276998811197074e-06
proband 6.74772904055078e-06 6.890494899180997e-08 8.369646979180224e-06 -6.147147864036705e-07 -1.1668459570412373e-06 4.866995735317589e-07 2.0188066173454626e-06 1.7115161558865855e-07 1.7181267309907032e-06 1.3245438635986646e-06 6.515247196788316e-07 1.4108630504683911e-07 1.5218756477304656e-06 -4.7545387114663697e-07 -1.5605943043813404e-06 -5.136659921172597e-06 1.241958872154615e-06 1.281847240884146e-06 1.0066594844496843e-06 -8.023259775612705e-07 -3.2844704539941756e-06 0.0008864872920176223 -0.0004585058059687069 -0.00045066269170054076
paternal 1.0886117541746324e-05 -5.030961485972327e-06 2.2318142772232223e-07 2.9167444324980844e-06 -1.2976014786341132e-06 -4.3683723145165585e-06 -8.073985378380348e-06 2.134215493238831e-06 -4.658387481690932e-06 8.693318000739881e-09 -4.277026702157108e-06 -9.561385980078256e-07 2.5210834167648876e-06 -4.822414358242625e-06 6.508374312737224e-07 6.390179772356155e-06 1.45003005255167e-06 -1.3062838742289099e-06 2.8834447310702355e-06 2.0218960691716247e-06 2.024696027350583e-06 -0.000458505805968707 0.000954070765359063 0.00023403903851244016
maternal -4.358968179476811e-05 -2.0793109412215837e-06 2.2799011324836794e-06 -2.155302094298088e-06 2.5127885000527476e-07 2.2996180126091365e-07 -4.287856500976477e-06 -5.275398418228183e-07 -6.069363128037444e-06 -1.2422062439376219e-06 -4.632009154349713e-06 -1.192127030200022e-07 -3.219175473288274e-06 -4.353189985759728e-08 -2.846253333934712e-06 5.907025581573154e-06 -4.511066557632661e-06 1.774602394238167e-06 1.0276827738426644e-06 3.986164495657176e-06 2.3276998811197087e-06 -0.00045066269170054054 0.00023403903851244008 0.0009800163666139128
