Estimate Std. Error z value Pr(>|z|)
(Intercept) -0.14141054261351 0.0811305799612348 -1.74299928191168 0.0813337402520095
covarage 0.0978934472748025 0.115666228425497 0.846344249374893 0.397360729686206
covarsex -0.137060089052858 0.156048634239012 -0.878316492298992 0.379771988181092
covarage_sex -0.17545369565682 0.239476919404755 -0.73265388619884 0.463769556132737
covarPC_3 0.0221017267798526 0.0427080883778125 0.517506814735702 0.604802413008309
covarPC_4 0.241304490388629 0.0417931765784339 5.77377720824282 7.75139142286447e-09
proband -0.0954637063461835 0.0595982736218024 -1.60178643683499 0.10920284332123
paternal -0.145905905417079 0.111902049851941 -1.30387160565986 0.192277362967207
maternal -0.0642429890923643 0.112378050506493 -0.571668477988525 0.567546593657428
gpp -0.0595701221842744 0.212588052474003 -0.280213876043477 0.779313421410762
gpm 0.380781517619273 0.200646221374193 1.89777567208274 0.0577256392594838
gmp 0.0458757078843359 0.189988163091583 0.24146613735205 0.809193858561749
gmm -0.147271666753141 0.178872744325398 -0.82333206944726 0.410319181463503
