 intercept PC1 PC2 PC3 PC4 PC5 PC6 PC7 PC8 PC9 PC10 PC11 PC12 PC13 PC14 PC15 PC16 PC17 PC18 PC19 PC20 proband
intercept 0.00023978802140157222 2.8168032954781945e-07 -2.3163441003248368e-06 -3.632266378393913e-07 -3.771748154727816e-07 -2.643597494781481e-07 2.0216713347061258e-08 6.082935949796096e-07 1.7088085935769203e-07 8.12905497303649e-07 6.222077571582416e-08 -1.880778751429388e-07 -7.254473495613968e-08 3.0064616548508205e-07 -2.8208609376008866e-08 -4.587063233360783e-07 -2.001467347099258e-07 1.450235503526327e-07 -2.1632189083207288e-07 7.109829496892626e-07 1.9204996932192487e-07 -3.0320583496330946e-08
PC1 2.8168032954781945e-07 7.777207445825572e-07 -6.377338744976935e-07 4.7522382901583864e-08 -7.593661475336818e-08 -2.883621894937657e-08 1.1289796845000831e-08 3.688393564782924e-08 9.174006787071725e-08 -2.613595468105208e-08 4.289702904613949e-08 -3.607645266333125e-08 2.3194811076457785e-07 1.2224307254536146e-08 -1.0608339359933508e-07 -1.6149004698608784e-07 -1.4236535451024003e-07 1.9498344043917107e-08 6.787343519524507e-08 2.8305819563485784e-08 1.749115096415703e-08 8.018306388142124e-07
PC2 -2.3163441003248368e-06 -6.377338744976937e-07 1.7927448619556322e-05 1.99818673006084e-07 5.869806038670154e-07 -1.8332655834916664e-07 -1.394698547000585e-07 5.121891180775455e-09 9.19011966200855e-08 -7.996550646090172e-09 3.560889375211724e-08 1.3684749649901502e-07 -1.8570018497160543e-07 -3.368604559072885e-08 -1.2653610773826884e-07 1.0512991410316883e-07 -1.6144034723234506e-07 2.100463153172472e-07 4.162024924984697e-09 -9.566562339498756e-09 -1.2952232438525128e-08 1.09347925788043e-06
PC3 -3.632266378393914e-07 4.752238290158392e-08 1.9981867300608403e-07 1.6777874046668166e-06 2.698606330573166e-08 2.5049219578946434e-07 2.4578716950061978e-09 5.661219904853998e-08 -6.552964964969868e-08 -3.3361656919383077e-07 4.300031778051587e-08 1.4432677465954683e-07 6.298571166137568e-08 -1.826179832397259e-07 8.448180811617792e-09 -1.2302245569365637e-09 -4.296782105216473e-09 -1.0616935557178089e-07 -1.433228719846334e-07 1.1461523859731064e-07 3.082954279594933e-08 -8.208293824323342e-07
PC4 -3.7717481547278206e-07 -7.59366147533682e-08 5.869806038670156e-07 2.6986063305731686e-08 2.9235763906078884e-06 4.5316410788895683e-07 -2.1590897136749443e-07 -1.6472597352305198e-08 -3.457813020065786e-07 2.556856188653655e-07 8.526925607702048e-08 1.0659480269065405e-07 -2.0574310100121836e-07 5.824838371835506e-08 -1.1407764395407703e-07 -1.7439357640116767e-08 8.557812807383143e-08 -7.559904351592724e-09 -9.607112341875061e-08 -7.239629204396103e-08 -1.193078330321244e-08 -1.644336461986116e-07
PC5 -2.6435974947814804e-07 -2.8836218949376587e-08 -1.833265583491668e-07 2.5049219578946434e-07 4.53164107888957e-07 5.044454599340189e-06 2.69645858918176e-08 5.043703187879695e-07 3.687151056743196e-08 -5.477153205688584e-08 -7.662070517590202e-08 -3.024801201025929e-07 1.9116264430875606e-07 -2.4032807978985664e-07 1.428110193503548e-08 6.655467264827752e-08 -7.926377975309947e-08 2.6933031128380327e-07 -1.1458330710867691e-07 6.553357441170165e-08 9.35783081625334e-08 -1.9174183115053538e-07
PC6 2.0216713347061307e-08 1.1289796845000813e-08 -1.394698547000586e-07 2.4578716950062056e-09 -2.1590897136749443e-07 2.6964585891817555e-08 6.0968498670474546e-06 4.3102819841694836e-09 -8.777713101245878e-09 9.629316057755983e-08 -9.425850463137947e-09 -1.4686638863592022e-07 1.930414798514034e-08 -2.1017359053826306e-07 -3.736151200737941e-09 -5.064963842465446e-08 -1.3370627819738847e-08 2.753267145526255e-07 -6.139989777099177e-08 -3.5507114921072387e-08 -1.0271866906297196e-07 1.74363908575997e-06
PC7 6.082935949796101e-07 3.688393564782924e-08 5.121891180775414e-09 5.661219904853998e-08 -1.6472597352305195e-08 5.043703187879698e-07 4.310281984169352e-09 5.002092061909503e-06 2.534704995863624e-07 -6.8450513212033e-08 -5.149029419981571e-08 3.7184782777791627e-07 8.337022662926975e-08 3.187324998075226e-07 -6.524527862073387e-08 -1.5765326154032728e-07 -1.0816834459924709e-07 -3.5925175811006874e-08 5.4838579827071306e-08 -4.7807033883833643e-08 -1.0653376874316286e-07 -9.649841083904462e-07
PC8 1.7088085935769198e-07 9.174006787071718e-08 9.190119662008563e-08 -6.552964964969863e-08 -3.457813020065785e-07 3.6871510567432e-08 -8.77771310124592e-09 2.5347049958636244e-07 5.063040193045018e-06 2.172023610076901e-08 1.75961865293553e-07 -2.4254295766032934e-07 9.927348906394005e-08 -4.861628050753806e-08 6.795162510230334e-08 -1.0055648503396781e-07 3.9681202856978154e-08 9.597863187561659e-08 -4.2020913338613674e-08 -6.157727645466975e-08 1.001642480004885e-07 -1.0955848181003402e-07
PC9 8.129054973036485e-07 -2.6135954681052118e-08 -7.996550646090215e-09 -3.3361656919383045e-07 2.556856188653655e-07 -5.4771532056885964e-08 9.62931605775598e-08 -6.845051321203294e-08 2.1720236100768983e-08 4.818205890749371e-06 -2.887547024218278e-08 -1.589453823292501e-07 -5.712893885509731e-08 -1.4262060451260865e-07 -7.589951345104587e-08 1.9785430038706206e-08 1.0299113351108525e-07 1.2732176052339043e-07 -1.7139348361710308e-07 -6.816103337895576e-08 -8.146783389946563e-08 -5.513496587160037e-08
PC10 6.222077571582397e-08 4.28970290461395e-08 3.5608893752117274e-08 4.3000317780515833e-08 8.526925607702041e-08 -7.662070517590199e-08 -9.425850463137917e-09 -5.1490294199815655e-08 1.7596186529355304e-07 -2.8875470242182648e-08 4.450746338280435e-06 -2.2242675877146464e-07 1.5261789341272298e-07 -2.0632402387624666e-07 -1.1906916004345569e-07 -7.307401047941535e-08 -1.5909521428872973e-07 4.218189763256412e-08 2.0512202098642677e-07 1.5150351145000606e-07 4.767356023404055e-08 2.334640791279571e-08
PC11 -1.8807787514293805e-07 -3.607645266333123e-08 1.3684749649901496e-07 1.4432677465954675e-07 1.0659480269065392e-07 -3.024801201025929e-07 -1.4686638863592027e-07 3.718478277779164e-07 -2.425429576603293e-07 -1.5894538232925005e-07 -2.2242675877146462e-07 4.3152296073738305e-06 -5.104012117183382e-08 -6.775280625228006e-08 -1.3889817585404416e-07 1.1325521321757526e-07 1.3447598874350618e-08 1.70358565216994e-07 -7.027047325203521e-09 9.038188532974886e-08 1.7312338024240922e-07 -4.75842489181446e-08
PC12 -7.254473495613937e-08 2.3194811076457787e-07 -1.857001849716054e-07 6.298571166137569e-08 -2.0574310100121844e-07 1.9116264430875593e-07 1.9304147985140322e-08 8.33702266292697e-08 9.92734890639401e-08 -5.712893885509725e-08 1.52617893412723e-07 -5.104012117183387e-08 4.170920748500072e-06 1.4739719738459083e-08 -2.171994794895292e-08 -8.145794124118903e-08 -1.1030116822531541e-07 -3.66997302657335e-08 5.850538694624273e-08 -7.175516257589312e-08 -9.343920664082512e-08 -4.629917670911845e-07
PC13 3.0064616548508306e-07 1.2224307254536136e-08 -3.3686045590728896e-08 -1.8261798323972596e-07 5.824838371835508e-08 -2.403280797898565e-07 -2.1017359053826316e-07 3.187324998075224e-07 -4.861628050753806e-08 -1.4262060451260873e-07 -2.0632402387624658e-07 -6.775280625228013e-08 1.47397197384591e-08 3.933253583197334e-06 -3.857675093613254e-08 1.8870105356172273e-07 7.122524471436828e-08 3.891536802740465e-08 -1.5757504980619587e-07 5.656716370631024e-08 4.274967982596809e-08 8.70991609407384e-07
PC14 -2.8208609376008966e-08 -1.0608339359933508e-07 -1.265361077382689e-07 8.448180811617817e-09 -1.1407764395407712e-07 1.4281101935035557e-08 -3.736151200737885e-09 -6.524527862073382e-08 6.795162510230336e-08 -7.589951345104582e-08 -1.1906916004345568e-07 -1.3889817585404419e-07 -2.1719947948952913e-08 -3.857675093613255e-08 4.323807398183655e-06 -2.1972371251580676e-08 -6.345810519367698e-08 -1.685811306824577e-08 1.0555485604992431e-07 1.1103133521984431e-07 -2.4129793205393928e-08 3.397890090655842e-07
PC15 -4.587063233360786e-07 -1.614900469860878e-07 1.0512991410316889e-07 -1.2302245569365488e-09 -1.7439357640116718e-08 6.655467264827756e-08 -5.064963842465444e-08 -1.5765326154032728e-07 -1.0055648503396777e-07 1.9785430038706232e-08 -7.30740104794153e-08 1.1325521321757514e-07 -8.145794124118902e-08 1.887010535617227e-07 -2.197237125158071e-08 4.085015107131322e-06 1.517696477124023e-07 -1.8289116788828662e-07 -1.2131532934646064e-07 1.1364016404848152e-07 6.986221311050183e-08 8.700280588925655e-07
PC16 -2.001467347099255e-07 -1.4236535451023997e-07 -1.614403472323453e-07 -4.296782105216482e-09 8.55781280738314e-08 -7.926377975309951e-08 -1.3370627819738941e-08 -1.0816834459924701e-07 3.9681202856978134e-08 1.029911335110852e-07 -1.5909521428872973e-07 1.3447598874350696e-08 -1.1030116822531531e-07 7.12252447143683e-08 -6.345810519367707e-08 1.5176964771240239e-07 4.178628652725231e-06 -8.61188881962017e-09 -6.562314609824773e-08 -1.2446589578095494e-07 -8.473137821520855e-08 9.027687530771038e-07
PC17 1.4502355035263294e-07 1.9498344043917107e-08 2.1004631531724712e-07 -1.0616935557178093e-07 -7.559904351592744e-09 2.693303112838035e-07 2.753267145526255e-07 -3.592517581100682e-08 9.597863187561662e-08 1.2732176052339046e-07 4.218189763256406e-08 1.7035856521699394e-07 -3.6699730265733444e-08 3.8915368027404546e-08 -1.685811306824575e-08 -1.8289116788828675e-07 -8.611888819620185e-09 3.86325669963629e-06 -2.4631453056106615e-08 -6.524326416165366e-08 2.4999579339074844e-09 3.3776624359708376e-07
PC18 -2.1632189083207302e-07 6.787343519524508e-08 4.162024924984681e-09 -1.4332287198463332e-07 -9.607112341875073e-08 -1.1458330710867688e-07 -6.139989777099181e-08 5.483857982707126e-08 -4.202091333861368e-08 -1.7139348361710324e-07 2.0512202098642675e-07 -7.027047325203466e-09 5.850538694624276e-08 -1.5757504980619593e-07 1.0555485604992432e-07 -1.2131532934646064e-07 -6.562314609824782e-08 -2.4631453056106655e-08 3.902029030537577e-06 2.052853410024526e-08 3.4090668020427554e-08 4.060601968413192e-07
PC19 7.109829496892625e-07 2.830581956348576e-08 -9.566562339498682e-09 1.146152385973107e-07 -7.239629204396103e-08 6.553357441170167e-08 -3.550711492107236e-08 -4.78070338838336e-08 -6.157727645466975e-08 -6.816103337895572e-08 1.5150351145000608e-07 9.038188532974882e-08 -7.175516257589314e-08 5.656716370631017e-08 1.1103133521984427e-07 1.136401640484815e-07 -1.2446589578095505e-07 -6.524326416165366e-08 2.052853410024522e-08 3.9507399958042e-06 1.1666689929352751e-07 2.3524481539109592e-07
PC20 1.9204996932192485e-07 1.7491150964157016e-08 -1.2952232438525148e-08 3.0829542795949335e-08 -1.1930783303212386e-08 9.357830816253352e-08 -1.0271866906297199e-07 -1.0653376874316287e-07 1.0016424800048847e-07 -8.146783389946559e-08 4.767356023404055e-08 1.731233802424093e-07 -9.343920664082508e-08 4.274967982596802e-08 -2.4129793205393855e-08 6.98622131105018e-08 -8.473137821520861e-08 2.4999579339075162e-09 3.4090668020427587e-08 1.1666689929352746e-07 3.6392684833544335e-06 1.7386381886677742e-08
proband -3.03205834963331e-08 8.018306388142114e-07 1.0934792578804313e-06 -8.208293824323342e-07 -1.6443364619861198e-07 -1.9174183115053564e-07 1.7436390857599697e-06 -9.649841083904462e-07 -1.0955848181003393e-07 -5.5134965871600584e-08 2.3346407912795642e-08 -4.758424891814441e-08 -4.6299176709118426e-07 8.709916094073835e-07 3.3978900906558513e-07 8.700280588925645e-07 9.027687530771031e-07 3.377662435970846e-07 4.060601968413196e-07 2.35244815391096e-07 1.7386381886677818e-08 0.0002044067477759046
