Estimate Std. Error z value Pr(>|z|)
(Intercept) -1.43237620271403 0.0739284239195067 -19.3751757006696 1.25034019992387e-83
covarSEX 1330.88402489895 1110.47558072046 1.1984811264697 0.230729766240057
covarYOB 106.294353527338 26.2877082209716 4.04350020297851 5.26591106220722e-05
covarYOBsq -106.397458763134 26.205669470666 -4.06009313680127 4.90531450232741e-05
covarSEX_YOB -2632.92611533958 2217.1330409151 -1.18753636644776 0.235016120849377
covarSEX_YOBsq 1302.01158390448 1106.86693094453 1.17630362557984 0.239473567495405
covarPC1 0.0764371061246252 0.0585863244430958 1.30469195415848 0.191997762289388
covarPC2 -0.042559020083858 0.0543285733685945 -0.783363476068376 0.433413697760596
covarPC3 0.0797998274124004 0.0573923162481841 1.39042702279724 0.164399245409147
covarPC4 0.0797701851725464 0.0579032011366264 1.37764723895529 0.168312228503991
covarPC5 0.0937759837539939 0.0617285773459439 1.51916645070965 0.128720603722055
covarPC6 0.0110244295411741 0.0514536782807385 0.214259308751907 0.830344848075296
covarPC7 0.0744654287094335 0.0535743990895226 1.38994426395716 0.164545802906953
covarPC8 -0.0453760681939274 0.0560276611518004 -0.80988688910262 0.418005187828853
covarPC9 0.127100767804003 0.0544359254954055 2.33486923658037 0.0195502528813481
covarPC10 0.0212604693441931 0.0543645536734654 0.391072268741352 0.695743817968146
covarPC11 0.00125643350168459 0.0553671112957657 0.0226927768539854 0.981895337589022
covarPC12 -0.0135576543146703 0.0531265917138765 -0.255195258669852 0.798572292900271
covarPC13 -0.0444081192196968 0.0545661476632962 -0.813840102726691 0.415736557928281
covarPC14 -0.0385511202026232 0.0536471695612802 -0.71860492394826 0.472384378655236
covarPC15 0.0393015664986475 0.0542025376793442 0.72508720405585 0.468398533971105
covarPC16 0.0262963401409554 0.0535545297759933 0.49101990533662 0.623412369018805
covarPC17 -0.0863347638785321 0.0546979305906107 -1.57839177728146 0.114475633077022
covarPC18 -0.0436640400677915 0.0519002013118497 -0.841307720666244 0.400175566509366
covarPC19 0.00288568618020786 0.0533602851921532 0.0540792870543392 0.956871994630655
covarPC20 -0.0305577722646013 0.0529017384055092 -0.577632667387335 0.563512146955225
proband 0.0936886171258876 0.0562712310210107 1.66494699735476 0.0959233307110549
maternal -0.058504050009412 0.110185394318292 -0.530960118365703 0.595446416142075
gmm -0.0156504446797054 0.146044325756143 -0.10716229198687 0.914660229752926
gpm 0.146754493835915 0.152854090405292 0.960095300340318 0.337007253545044
