Estimate Std. Error z value Pr(>|z|)
(Intercept) -0.888906113480527 0.0696623364487083 -12.7602110235711 2.73459272206721e-37
covarSEX 2115.44750814682 876.143838933934 2.41449795586172 0.0157569113855846
covarYOB -18.5177632988087 20.4081227146325 -0.907372204574781 0.364210002939951
covarYOBsq 19.1003250057555 20.3297886266293 0.93952403325712 0.347461758905467
covarSEX_YOB -4224.21174638732 1746.25359216023 -2.4190139194856 0.0155626446773008
covarSEX_YOBsq 2108.27295813429 870.281146743932 2.42251939619992 0.0154133029233895
covarPC1 0.161968785573604 0.0481386597848673 3.36463013921546 0.000766463285711821
covarPC2 0.0337380761365621 0.0452922313495306 0.744897637658821 0.456333603357597
covarPC3 0.143270819363146 0.0477594855223844 2.99984009032082 0.00270121379420575
covarPC4 0.0710473077248009 0.0467596361487248 1.51941532433713 0.128657987054488
covarPC5 -0.0322345174463975 0.0506082397688769 -0.63694207887114 0.524162572439636
covarPC6 -0.0196317185006606 0.0425489975513026 -0.461390858315524 0.644518209026563
covarPC7 0.0931573102848395 0.0447793746518509 2.08036201954841 0.0374923401569936
covarPC8 -0.0192025586804298 0.0464885711949152 -0.413059773334787 0.67956282084835
covarPC9 0.0156908177955303 0.0448731933967036 0.349670184085515 0.726586232407498
covarPC10 0.0443458275631376 0.044940767034538 0.986761697437358 0.323759475957842
covarPC11 0.0234890686422158 0.0460331332672299 0.510264389474814 0.609866247312887
covarPC12 -0.0674950028363162 0.0440916449790588 -1.53078894807333 0.125821561935338
covarPC13 -0.042607074344408 0.0450893156686473 -0.944948347797494 0.344685246721654
covarPC14 -0.107263011243056 0.0444445627177294 -2.41341133052182 0.0158039727572177
covarPC15 -0.0891168406465812 0.0451960576341015 -1.97178349864171 0.0486343268721779
covarPC16 -0.0148405289450111 0.0443065278027008 -0.334951296817858 0.737661825578103
covarPC17 -0.0384639120840157 0.0445622435313116 -0.863150259860438 0.388054857380572
covarPC18 0.00725244350793587 0.0432822464627397 0.16756162400626 0.866928163867187
covarPC19 0.0506458173677947 0.0445229887052483 1.13752061217365 0.255320712858891
covarPC20 -0.0580494648872467 0.0435494931409176 -1.332953857796 0.182546946566792
proband -0.0366054452747594 0.0467604816391699 -0.782828661972036 0.433727733914506
maternal -0.0345447976536673 0.079836367269917 -0.432695008991022 0.665236356198774
gmm -0.0262032684844882 0.0975856603586806 -0.268515562513763 0.788302497421736
gpm 0.140519895876266 0.115388157696694 1.21780171103548 0.223299333962455
