Estimate Std. Error z value Pr(>|z|)
(Intercept) -1.00246082623635 0.109708816886578 -9.13746820615833 6.39314688411134e-20
covarSEX 3162.80237965311 1216.04814785506 2.60088581626629 0.00929833971033605
covarYOB 19.5864790839771 27.3815467213834 0.715316752675671 0.474413339114035
covarYOBsq -18.7598673688674 27.2398127533582 -0.68869296344758 0.491016505202574
covarSEX_YOB -6306.04030604112 2419.9720160308 -2.60583191221532 0.00916514264901812
covarSEX_YOBsq 3142.9901822748 1204.18146924357 2.61006356811747 0.00905253992247397
covarPC1 0.209298914082872 0.052443286186307 3.99095726647122 6.58071382396962e-05
covarPC2 -0.0488404142610996 0.0493655837671245 -0.989361626745826 0.322486242146544
covarPC3 0.0933459056979833 0.0512484588119163 1.82143830003876 0.0685402576531317
covarPC4 0.101817937911402 0.0526741319059452 1.93297799559769 0.0532389085582735
covarPC5 -0.110746882170903 0.0573522019872162 -1.93099616638239 0.0534835265062254
covarPC6 0.0209348950444042 0.0465615833226521 0.449617335805232 0.652986385846724
covarPC7 0.107039422719602 0.0484183981775668 2.21071796565951 0.0270553736424499
covarPC8 -0.0270744733260933 0.0506364770591269 -0.534683194774375 0.592868944092079
covarPC9 0.0155804151160174 0.0488525861671836 0.318927130340614 0.749781770726758
covarPC10 0.0450969897728653 0.0506603370046225 0.890183374989203 0.373367430028001
covarPC11 0.0930280094618531 0.0505667741070913 1.83970623209692 0.0658113781069734
covarPC12 0.00132535451028252 0.0481728837069421 0.0275124594646495 0.978051002394009
covarPC13 -0.0198347697228547 0.0472734944952896 -0.41957485763679 0.674796058688761
covarPC14 -0.121304660268828 0.0487045282089996 -2.49062386454682 0.0127519038331729
covarPC15 -0.105219271056521 0.0499371037670911 -2.10703591356176 0.0351144666515236
covarPC16 -0.0267677235852153 0.0496594625485201 -0.539025640059268 0.589869162826616
covarPC17 -0.0154537047136282 0.0490616763177285 -0.314985256792866 0.752772847898593
covarPC18 0.0153448124778593 0.0479454570762622 0.320047266489749 0.74893249993939
covarPC19 0.0447838415394428 0.0482044262341069 0.929040028854365 0.352868342060294
covarPC20 -0.00201904864175735 0.0473760052641339 -0.0426175366728497 0.966006415946911
proband -0.0366855779494793 0.050671730675902 -0.723985098991811 0.469074883252099
paternal -0.0526546041257083 0.0891090251070299 -0.590900911130655 0.554586815477955
gpp -0.00392827361390629 0.126683057927779 -0.0310086737576682 0.975262622342112
gmp 0.0845543793320108 0.113084998948124 0.74770641657607 0.454637259973757
