 intercept PC1 PC2 PC3 PC4 PC5 PC6 PC7 PC8 PC9 PC10 PC11 PC12 PC13 PC14 PC15 PC16 PC17 PC18 PC19 PC20 proband paternal maternal gpp gmp gpm gmm
intercept 0.000766419883947808 2.0163256948332143e-06 7.212981014909325e-07 3.231841078271383e-07 2.461868837553183e-06 -1.2598246390189694e-06 1.3043628662403548e-06 1.8413401902940256e-06 1.665960535436662e-06 1.3557244790819555e-06 1.862273136368192e-07 3.357786740340701e-06 -3.2813589761101912e-06 1.6811467851866893e-06 -2.059911372724395e-06 -2.2502514633764e-06 -2.0934196686747904e-06 -1.2106022069818815e-06 -1.8369969686864867e-07 3.2495637183343236e-06 -2.7335108904756602e-08 -8.042802029353582e-06 6.800873714583026e-05 4.140264589472676e-05 -7.294309372044008e-05 -5.7907594555602295e-05 -0.00016514987263294937 6.561401986225076e-05
PC1 2.0163256948332127e-06 2.606204703223371e-06 -1.974893611598416e-06 -2.1577826707714334e-07 -7.23680916778437e-08 -3.754109059774606e-07 5.5673677280911786e-08 1.6371472516483276e-07 7.659310591113967e-08 -1.140368915059674e-07 8.705152760604029e-08 -7.545788080905301e-08 6.481301965057383e-07 -1.8538043257186788e-07 -3.6644337687690865e-07 -7.304121688354703e-07 -5.774782408359859e-07 1.9785559329579621e-07 -5.036320346510019e-08 2.0372045727033246e-07 -8.139682771135115e-08 2.6668906257508656e-07 6.271184547352404e-07 3.1369846337558696e-06 -2.00859742235078e-06 4.340242164647466e-06 -5.035035790921198e-07 -7.072272236646512e-09
PC2 7.212981014909367e-07 -1.974893611598416e-06 5.120334014390758e-05 1.054722283081248e-06 1.3596147134381142e-06 -5.783929970072904e-07 -6.631985706385841e-08 -1.5054914690402988e-07 1.2028257086768463e-06 -3.01201388675797e-07 4.6999539009459654e-07 -5.650179239025547e-07 -8.140003474187857e-07 6.585043275138993e-07 -8.779616614166671e-07 3.6273638413856823e-07 -6.206715861901866e-09 8.306064814776228e-07 4.002163304265101e-07 -4.0082156346288976e-07 -3.197660664502499e-07 1.2289999045602034e-07 7.2728024177152e-06 3.8085808176286395e-06 -1.828881024033429e-05 4.14958814607866e-06 7.4209112484519045e-06 -1.0558781171741308e-05
PC3 3.231841078271369e-07 -2.1577826707714366e-07 1.0547222830812481e-06 5.160310576792587e-06 1.5368435374922706e-07 1.0931327756232332e-06 -3.9550332835201995e-08 4.279668984502691e-07 -2.739357995283368e-07 -1.0067091346452163e-06 1.5691744722212733e-07 3.47189424800558e-07 2.8292607197601737e-08 -6.168036918362351e-07 9.341592145484212e-08 -5.757840230632898e-08 2.1114095100005567e-07 -3.7513228448979053e-07 -4.632911061725661e-07 3.694939909286787e-07 1.038308002126127e-07 -1.3550694053797395e-06 -4.338750859735295e-06 -1.8739484783895965e-06 9.616416537283705e-08 -1.399478113226244e-06 -6.968242194999063e-06 3.3048017696458966e-06
PC4 2.4618688375531824e-06 -7.23680916778437e-08 1.359614713438114e-06 1.5368435374922703e-07 9.355750689595085e-06 1.6597237786326962e-06 -3.919911730892571e-07 1.9636955019164527e-07 -1.2702734338348763e-06 5.027337311227219e-07 2.6225446998804574e-07 1.8820428270855209e-07 -9.799969292119354e-07 -4.67212448609965e-07 -1.158770296724606e-07 -1.0911875493861883e-07 4.681837776090795e-08 -3.576662847947503e-08 -4.4408688246658685e-07 -2.0262462517049145e-07 1.495773129999673e-07 1.6239845147195881e-06 -1.0607395097234287e-06 -4.7079010564421434e-06 -3.99241402230247e-06 4.3070939415736155e-06 -2.0911759019425094e-06 4.394101067184762e-06
PC5 -1.2598246390189756e-06 -3.754109059774608e-07 -5.783929970072895e-07 1.0931327756232326e-06 1.659723778632696e-06 1.7179183809903776e-05 4.114681341685791e-07 1.0989748839143215e-06 -7.218367266944802e-07 -4.2519995796814873e-07 -2.0024877429555863e-07 -1.2022153136392277e-06 6.093799870847435e-07 -1.0486352292206243e-06 5.997321610251394e-07 -1.1592264401838132e-07 -1.6983798052274678e-07 7.401610929613228e-07 -3.50750437794414e-07 2.0060773357737374e-07 2.8563587235446874e-08 2.183333686756224e-07 4.8573159187043574e-06 1.887066496234252e-06 4.064508657021279e-07 -1.0456491827845506e-05 -5.77179207514263e-06 4.418426754988186e-06
PC6 1.3043628662403557e-06 5.56736772809119e-08 -6.631985706385874e-08 -3.9550332835202054e-08 -3.9199117308925697e-07 4.1146813416857917e-07 1.6174627987401556e-05 -3.094915137928871e-08 4.301299395071948e-07 2.1451313103423848e-07 7.822577874594474e-08 -4.795139568763742e-07 2.477902184572084e-07 -3.925284067378654e-07 -2.359962511089698e-07 4.635554538186287e-08 -9.424945551680101e-08 2.993325029712448e-07 -4.5905701058464193e-07 -2.0234051037342066e-07 -5.091527739299827e-07 1.4735231872158938e-06 -4.464241784581953e-06 -3.252217581070776e-06 5.528320582787857e-06 4.8040965931724925e-06 4.138941506497981e-06 1.7471061498377733e-06
PC7 1.8413401902940233e-06 1.6371472516483305e-07 -1.5054914690402975e-07 4.279668984502691e-07 1.9636955019164498e-07 1.0989748839143213e-06 -3.094915137928893e-08 1.352044953454377e-05 7.891064590940983e-07 -2.8552652554822787e-07 -2.2594333696821126e-07 1.253891995730693e-06 1.7750740926915544e-07 5.224506068932512e-07 -6.288429345006186e-08 -3.7865776034288874e-07 -3.540607253810804e-07 -1.1668055678662825e-07 1.360261089372151e-07 3.4004779650558214e-08 -2.7564684608529024e-07 1.816464145871089e-06 5.670196316796259e-06 4.264391441120577e-06 -4.650102443097141e-06 -1.0195082914798803e-05 -7.353782212661862e-06 -1.0679227034396771e-05
PC8 1.6659605354366585e-06 7.659310591113976e-08 1.2028257086768454e-06 -2.7393579952833657e-07 -1.2702734338348766e-06 -7.218367266944806e-07 4.30129939507195e-07 7.891064590940986e-07 1.4411269300999806e-05 3.886966953026889e-07 5.0382038883008196e-08 -8.196880783667973e-07 1.73776019422941e-07 4.8162622065471e-08 -1.257613888278279e-07 -5.469524740210208e-07 4.028144606553733e-08 1.012439301748209e-07 -5.094089219089324e-07 -3.811982741601385e-07 3.253772431052447e-07 -7.969300053399067e-07 1.4657262168001791e-06 1.3805206679250994e-06 -4.937709008894714e-06 3.500435032537744e-07 -1.3384887360331156e-06 3.0734665181115066e-06
PC9 1.3557244790819532e-06 -1.1403689150596733e-07 -3.012013886757968e-07 -1.0067091346452169e-06 5.027337311227223e-07 -4.2519995796814873e-07 2.1451313103423867e-07 -2.8552652554822745e-07 3.886966953026891e-07 1.280603233765181e-05 -4.075461449330732e-07 9.249081249408142e-08 -5.553209313912254e-07 -4.851293752246969e-08 -8.051402435310652e-07 3.491192145914042e-07 6.349666749165795e-07 6.393556193705372e-07 -2.839206350795864e-07 -1.5693756847261298e-07 -5.635657590278309e-07 -3.323969699525098e-07 3.5784851451126346e-06 -1.785844396219932e-06 -1.410382380553751e-05 1.1019478593315488e-05 4.0751250647250674e-06 -3.5214433455716035e-06
PC10 1.8622731363681876e-07 8.705152760604057e-08 4.6999539009459575e-07 1.5691744722212728e-07 2.622544699880455e-07 -2.0024877429555892e-07 7.822577874594469e-08 -2.2594333696821136e-07 5.0382038883008196e-08 -4.075461449330725e-07 1.3062214711688661e-05 -4.5007083683585923e-07 1.3243109589784908e-07 -3.6673744120830186e-07 -2.609740040977653e-08 2.3868055509263313e-07 -1.7690295901947468e-07 -2.2717762039272952e-07 2.3108142390414851e-07 6.196063927990185e-07 -2.2772968863998516e-07 1.0964725346715276e-06 -3.5067735688486384e-06 -6.384706652037005e-06 1.104593779631937e-06 -3.372883478179293e-06 6.228093962873291e-06 5.001261331885951e-06
PC11 3.357786740340701e-06 -7.54578808090529e-08 -5.650179239025545e-07 3.4718942480055805e-07 1.8820428270855193e-07 -1.2022153136392273e-06 -4.795139568763738e-07 1.2538919957306926e-06 -8.196880783667974e-07 9.24908124940815e-08 -4.5007083683585933e-07 1.2666500584545663e-05 -2.8860136557032423e-07 -5.8048096117927e-09 -3.992163719610943e-07 3.12042420428032e-07 2.3074719107217457e-07 3.8349639675331496e-07 3.616753301206182e-08 5.813086420025473e-07 3.965561676315154e-07 2.3031147623487743e-06 -4.582870762496702e-06 2.5257630894480964e-06 4.53141877813259e-06 1.5937167886837735e-06 -2.307172346619208e-06 -8.087698860181235e-06
PC12 -3.2813589761101955e-06 6.481301965057387e-07 -8.140003474187856e-07 2.8292607197601568e-08 -9.799969292119358e-07 6.093799870847432e-07 2.477902184572077e-07 1.7750740926915515e-07 1.7377601942294126e-07 -5.553209313912256e-07 1.3243109589784876e-07 -2.886013655703245e-07 1.1191371600033298e-05 2.717782255212382e-07 -6.40342735807331e-08 -6.247067425281616e-07 -1.874764201995827e-07 2.50612253497317e-08 -1.9794272744076138e-07 1.4167127549815402e-07 -2.7944840134266427e-07 -9.611973393102019e-07 2.2963806319805553e-06 -2.9853466109698137e-06 -1.7414221340586108e-07 -4.577771128268889e-06 -9.492444888682616e-07 8.459726390412445e-06
PC13 1.681146785186691e-06 -1.8538043257186764e-07 6.585043275138994e-07 -6.168036918362349e-07 -4.6721244860996505e-07 -1.0486352292206246e-06 -3.925284067378658e-07 5.22450606893251e-07 4.816262206547109e-08 -4.851293752246974e-08 -3.6673744120830186e-07 -5.804809611792426e-09 2.717782255212384e-07 1.1472847770956e-05 -7.586265426128981e-07 1.0938353895985543e-06 5.890742567904748e-07 4.917456814624848e-08 -1.7797349390744343e-07 -7.459213659529404e-08 6.455040450387186e-08 -1.493519243085671e-07 3.336871182551726e-06 -6.685611100240554e-06 -8.644197503518623e-06 -2.646423826126915e-07 8.860421335125909e-06 -3.6525698124682417e-06
PC14 -2.059911372724395e-06 -3.664433768769088e-07 -8.77961661416667e-07 9.341592145484184e-08 -1.1587702967246088e-07 5.997321610251391e-07 -2.3599625110896994e-07 -6.288429345006169e-08 -1.25761388827828e-07 -8.05140243531066e-07 -2.609740040977658e-08 -3.9921637196109463e-07 -6.403427358073321e-08 -7.586265426128976e-07 1.235089145695267e-05 -1.6717502938950793e-07 1.8699243461706165e-07 -2.3405361983815544e-07 1.700962647842231e-07 -1.2020872412043731e-08 -8.752864554906297e-09 1.6950916274391138e-06 -3.81855695103044e-06 5.558832979542185e-07 -9.73169112635448e-07 1.1536393719251069e-05 -5.729030409181534e-07 -6.641386579032589e-06
PC15 -2.250251463376394e-06 -7.304121688354701e-07 3.627363841385682e-07 -5.757840230632907e-08 -1.0911875493861879e-07 -1.1592264401838153e-07 4.635554538186293e-08 -3.786577603428887e-07 -5.46952474021021e-07 3.491192145914042e-07 2.3868055509263324e-07 3.120424204280323e-07 -6.247067425281615e-07 1.0938353895985545e-06 -1.6717502938950787e-07 1.1881523404403034e-05 5.431419407145648e-07 -7.281323697283113e-07 2.310426396097124e-08 -9.232159047255159e-08 1.4753049254124766e-07 -2.046923408947981e-06 5.089617683083256e-06 -7.744240334712726e-07 8.56376376926302e-06 -8.757246358709792e-06 8.404193306874893e-07 1.0280396019965117e-07
PC16 -2.093419668674793e-06 -5.774782408359858e-07 -6.2067158619013565e-09 2.1114095100005546e-07 4.681837776090808e-08 -1.6983798052274686e-07 -9.424945551680142e-08 -3.540607253810803e-07 4.0281446065537446e-08 6.349666749165792e-07 -1.769029590194745e-07 2.3074719107217438e-07 -1.874764201995827e-07 5.890742567904752e-07 1.8699243461706125e-07 5.431419407145643e-07 1.1821851143006946e-05 -3.421626328669024e-07 -9.645407366422357e-08 -6.931851887980083e-07 2.596057159066348e-08 -4.133712034677625e-06 3.940632393644142e-06 6.457449364763635e-07 -7.3369983472725475e-06 2.882335258518209e-06 -7.1533615079886e-06 1.2170510688308577e-05
PC17 -1.2106022069818813e-06 1.978555932957963e-07 8.30606481477623e-07 -3.7513228448979063e-07 -3.576662847947478e-08 7.401610929613229e-07 2.9933250297124487e-07 -1.1668055678662813e-07 1.0124393017482089e-07 6.393556193705371e-07 -2.2717762039272942e-07 3.834963967533149e-07 2.5061225349731554e-08 4.9174568146248765e-08 -2.3405361983815547e-07 -7.281323697283111e-07 -3.421626328669026e-07 1.1025531920037458e-05 4.249923082746797e-07 -2.637458196855303e-07 9.717404875596279e-08 -1.0832411677602803e-06 4.162702539776348e-07 -6.887897974514017e-07 1.0444604721621523e-05 -1.1866140703858438e-06 3.949109296589514e-06 5.183307364064935e-07
PC18 -1.8369969686864803e-07 -5.0363203465099956e-08 4.002163304265101e-07 -4.632911061725664e-07 -4.44086882466587e-07 -3.5075043779441403e-07 -4.5905701058464203e-07 1.3602610893721466e-07 -5.094089219089321e-07 -2.839206350795861e-07 2.3108142390414825e-07 3.6167533012061594e-08 -1.979427274407614e-07 -1.7797349390744349e-07 1.700962647842231e-07 2.3104263960971158e-08 -9.645407366422379e-08 4.249923082746799e-07 1.06167286018078e-05 -1.7810766057056802e-07 -3.3584499487827154e-08 -2.3441734047014013e-06 2.3174594588801663e-06 6.896136362198854e-06 -5.993438914507598e-07 1.102040468843343e-06 -5.968219716925301e-06 -3.6578294458159353e-06
PC19 3.249563718334326e-06 2.0372045727033233e-07 -4.008215634628899e-07 3.6949399092867864e-07 -2.0262462517049158e-07 2.0060773357737421e-07 -2.023405103734205e-07 3.4004779650558525e-08 -3.811982741601386e-07 -1.5693756847261267e-07 6.196063927990182e-07 5.813086420025474e-07 1.416712754981542e-07 -7.45921365952946e-08 -1.2020872412043582e-08 -9.232159047255153e-08 -6.931851887980081e-07 -2.637458196855305e-07 -1.7810766057056807e-07 1.0664962945384104e-05 4.750636777490295e-07 6.865364094988661e-07 -9.742558114918346e-07 -2.277563016077207e-06 -2.4730842514841185e-06 -4.974857429531595e-07 5.2438418335482845e-06 -1.8350824159252703e-06
PC20 -2.7335108904755064e-08 -8.139682771135098e-08 -3.197660664502512e-07 1.0383080021261277e-07 1.4957731299996727e-07 2.8563587235446977e-08 -5.091527739299827e-07 -2.7564684608529e-07 3.253772431052445e-07 -5.635657590278314e-07 -2.2772968863998508e-07 3.9655616763151554e-07 -2.79448401342664e-07 6.4550404503872e-08 -8.752864554905973e-09 1.4753049254124745e-07 2.596057159066333e-08 9.717404875596258e-08 -3.3584499487826817e-08 4.750636777490298e-07 9.977315326223228e-06 1.8922336890252985e-06 -4.509771312769802e-06 -7.866138331382255e-06 -4.786420100873893e-06 1.3742802903340356e-05 1.3560529390705208e-05 -1.5293397464831634e-06
proband -8.042802029353526e-06 2.66689062575085e-07 1.2289999045601304e-07 -1.3550694053797385e-06 1.6239845147195875e-06 2.1833336867561888e-07 1.4735231872158878e-06 1.8164641458710929e-06 -7.969300053399037e-07 -3.323969699525102e-07 1.0964725346715289e-06 2.3031147623487747e-06 -9.611973393101957e-07 -1.493519243085638e-07 1.695091627439113e-06 -2.046923408947977e-06 -4.133712034677618e-06 -1.0832411677602845e-06 -2.3441734047014005e-06 6.865364094988633e-07 1.8922336890252939e-06 0.0008475555095768746 -0.00039966864461871864 -0.00040746766961388523 3.1670038479018664e-05 -6.016461666336257e-05 -1.0242775620263695e-05 -2.5832114910816843e-05
paternal 6.800873714583019e-05 6.271184547352445e-07 7.272802417715211e-06 -4.338750859735293e-06 -1.060739509723416e-06 4.857315918704367e-06 -4.464241784581943e-06 5.6701963167962695e-06 1.4657262168001857e-06 3.578485145112642e-06 -3.5067735688486367e-06 -4.582870762496697e-06 2.296380631980548e-06 3.336871182551719e-06 -3.818556951030447e-06 5.089617683083252e-06 3.940632393644135e-06 4.162702539776499e-07 2.3174594588801663e-06 -9.742558114918289e-07 -4.5097713127697815e-06 -0.00039966864461871935 0.002712732757530737 0.00023261735640291286 -0.0021598813379663556 -0.0015206820806485828 4.484957483975076e-05 -9.421582372525953e-05
maternal 4.140264589472671e-05 3.1369846337558755e-06 3.8085808176286683e-06 -1.873948478389591e-06 -4.7079010564421434e-06 1.887066496234271e-06 -3.2522175810707676e-06 4.264391441120565e-06 1.3805206679251146e-06 -1.7858443962199215e-06 -6.384706652037021e-06 2.525763089448083e-06 -2.985346610969813e-06 -6.685611100240573e-06 5.558832979542047e-07 -7.744240334712856e-07 6.457449364763611e-07 -6.887897974513898e-07 6.8961363621988515e-06 -2.2775630160772093e-06 -7.866138331382255e-06 -0.0004074676696138858 0.00023261735640291286 0.0024597578713074016 6.719547690287735e-05 -7.035109281123743e-05 -0.0020039153697718 -0.0012864928961391776
gpp -7.29430937204399e-05 -2.008597422350788e-06 -1.8288810240334276e-05 9.61641653728305e-08 -3.992414022302477e-06 4.064508657021182e-07 5.528320582787848e-06 -4.650102443097147e-06 -4.937709008894721e-06 -1.4103823805537504e-05 1.1045937796319372e-06 4.531418778132578e-06 -1.7414221340585857e-07 -8.644197503518611e-06 -9.731691126354319e-07 8.56376376926305e-06 -7.3369983472725365e-06 1.0444604721621506e-05 -5.993438914507646e-07 -2.473084251484127e-06 -4.786420100873904e-06 3.167003847901889e-05 -0.002159881337966353 6.719547690287724e-05 0.005935122186386728 -0.0015192338567090343 4.9536472225568966e-05 7.5422683697741675e-06
gmp -5.790759455560241e-05 4.340242164647469e-06 4.149588146078648e-06 -1.3994781132262423e-06 4.307093941573606e-06 -1.0456491827845514e-05 4.804096593172496e-06 -1.019508291479882e-05 3.5004350325377184e-07 1.1019478593315476e-05 -3.3728834781793e-06 1.593716788683771e-06 -4.577771128268887e-06 -2.646423826126934e-07 1.1536393719251064e-05 -8.757246358709814e-06 2.882335258518208e-06 -1.1866140703858453e-06 1.1020404688433446e-06 -4.974857429531611e-07 1.3742802903340342e-05 -6.016461666336169e-05 -0.0015206820806485852 -7.035109281123792e-05 -0.0015192338567090317 0.0045974617766530185 -3.232561195029573e-05 0.00012757596019967907
gpm -0.00016514987263294934 -5.035035790921221e-07 7.420911248451871e-06 -6.968242194999063e-06 -2.091175901942504e-06 -5.7717920751426544e-06 4.138941506497979e-06 -7.353782212661853e-06 -1.3384887360331365e-06 4.0751250647250615e-06 6.228093962873304e-06 -2.307172346619199e-06 -9.492444888682703e-07 8.860421335125924e-06 -5.72903040918136e-07 8.404193306875017e-07 -7.153361507988599e-06 3.949109296589499e-06 -5.968219716925298e-06 5.243841833548289e-06 1.3560529390705217e-05 -1.0242775620263025e-05 4.4849574839750145e-05 -0.0020039153697718 4.953647222556879e-05 -3.2325611950295335e-05 0.004773623237017932 -0.0007997314306495258
gmm 6.561401986225073e-05 -7.0722722366534056e-09 -1.0558781171741315e-05 3.3048017696458906e-06 4.394101067184759e-06 4.4184267549881785e-06 1.7471061498377674e-06 -1.0679227034396768e-05 3.0734665181115036e-06 -3.5214433455716133e-06 5.00126133188597e-06 -8.087698860181228e-06 8.459726390412441e-06 -3.652569812468228e-06 -6.641386579032575e-06 1.0280396019965436e-07 1.217051068830857e-05 5.183307364064936e-07 -3.657829445815942e-06 -1.835082415925268e-06 -1.5293397464831631e-06 -2.5832114910816833e-05 -9.421582372525948e-05 -0.0012864928961391787 7.5422683697744224e-06 0.00012757596019967858 -0.0007997314306495241 0.0036187390701317933
