Estimate Std. Error z value Pr(>|z|)
(Intercept) -1.03209481927099 0.0432298001966642 -23.8746146078794 5.62238818461824e-126
covarSEX 1010.34460452429 549.252374002682 1.83949064646074 0.0658430524079505
covarYOB 2.95003610035402 11.2074348408925 0.263221347456801 0.79237997790934
covarYOBsq -2.33078109351615 11.1951723431805 -0.208195195399196 0.835076559915966
covarSEX_YOB -2033.75325518489 1096.75461441085 -1.85433754138101 0.063690884413025
covarSEX_YOBsq 1022.6430483962 547.599060647809 1.86750329189099 0.0618313375486048
covarPC1 0.184102680398339 0.0386564299195947 4.76253706773419 1.91174066497895e-06
covarPC2 0.0103349121615818 0.0364385099761252 0.283626091416837 0.776696939817004
covarPC3 0.123330490904409 0.0388343000105528 3.17581341419559 0.00149417021348245
covarPC4 0.0588000090057698 0.037701771653435 1.55960864508638 0.118852392300004
covarPC5 -0.0676366389191069 0.0380362822062304 -1.77821372110936 0.0753687602418805
covarPC6 -0.00806354718021596 0.0350699370252121 -0.229927620754466 0.818148012995832
covarPC7 0.080585529152335 0.0367216817154715 2.19449451625694 0.028199877747898
covarPC8 -0.0357673397510505 0.0372365718312885 -0.960543304391853 0.3367818472924
covarPC9 0.0416573322946675 0.0370183925475819 1.12531445662107 0.260455805814672
covarPC10 0.0523902802989055 0.0363863440723201 1.4398335868747 0.14991448629992
covarPC11 0.046877445899525 0.0371608389915506 1.26147436849269 0.207137989035062
covarPC12 -0.00469722256250283 0.035971525540048 -0.130581689043833 0.896106228706635
covarPC13 -0.060481149239368 0.0357440111645749 -1.69206385262406 0.0906337996519612
covarPC14 -0.0672721595929074 0.0361755676146746 -1.85960204714572 0.0629418494855452
covarPC15 -0.0705422487839714 0.0363412621807406 -1.94110618484121 0.052245399036285
covarPC16 -0.00735564940006101 0.0363875601011791 -0.202147365187661 0.839801520058013
covarPC17 -0.00817568532667469 0.0359698077597292 -0.227292994760677 0.820195919944498
covarPC18 0.0190565071890878 0.0356477081993395 0.534578747181309 0.592941183011681
covarPC19 0.0425119321514818 0.0360213146261261 1.18018824667349 0.237925352584369
covarPC20 -0.0240614698685583 0.0354009635737108 -0.679684037934682 0.496704545095478
proband 0.040389326977768 0.0342293204264923 1.17996286442509 0.238014985026544
