 intercept PC1 PC2 PC3 PC4 PC5 PC6 PC7 PC8 PC9 PC10 PC11 PC12 PC13 PC14 PC15 PC16 PC17 PC18 PC19 PC20 proband maternal gpm gmm
intercept 0.00038695074496289617 5.327939619858141e-07 -2.704568872018177e-06 -7.445661091848882e-07 9.023541122643355e-07 -2.3820455388934015e-07 5.7262227466165095e-08 1.7399874452617738e-06 8.098185496753709e-07 3.3376250070587047e-07 -5.42497515651036e-07 2.8303289930038837e-07 -3.9127378362610547e-07 6.972545651740115e-07 3.298521919163861e-07 -9.12136960281189e-07 -2.2752889924587548e-07 -3.821722639102794e-07 5.125561547884155e-07 1.1586077869035433e-06 3.3338679038653713e-07 -5.090838723396681e-06 1.908720880372445e-05 -3.2033729217530614e-05 9.7721049510897e-06
PC1 5.327939619858139e-07 1.3436477897441733e-06 -1.0187871963917204e-06 9.13326453383386e-09 -6.204396001332862e-08 -1.9912041078117378e-07 3.24863017546898e-08 1.4437594519435638e-07 1.419367716410682e-07 -6.819882152705208e-08 1.1993828796725356e-07 -7.294074338798802e-08 2.9372484173407004e-07 -8.736941907386834e-08 -1.2691355586168666e-07 -2.899544528390283e-07 -2.2732084766886494e-07 -3.243342450456515e-09 -1.31616896900397e-08 7.742857545043564e-08 1.312442989299879e-08 -1.1424281199165552e-06 -2.2841872150524975e-07 1.1113901989199054e-06 -2.1119430089059155e-06
PC2 -2.704568872018177e-06 -1.0187871963917206e-06 2.602842344243703e-05 4.2325540794328486e-07 8.695276537843438e-07 -1.3639202002048148e-07 -5.01173154004546e-08 -1.980633948468237e-07 2.3290920791245065e-07 4.273230263392386e-09 6.291991396658833e-09 -1.2437454967008938e-07 -1.7594231344127547e-07 2.8540065583525315e-07 -3.558457311320049e-07 3.1624600042694705e-07 -6.882085646973795e-08 5.873122161126802e-07 3.329341733455904e-08 -2.4088915445379016e-07 8.348089683180141e-08 2.1595111973254344e-06 -4.1984646024797584e-06 -1.6629417505449986e-06 7.9690344162958e-06
PC3 -7.445661091848888e-07 9.133264533833746e-09 4.2325540794328507e-07 2.7359094834763215e-06 6.006428473449322e-08 5.009873022592013e-07 1.248571700087125e-08 1.150046718351043e-07 -1.0206225445456895e-07 -4.655929725537039e-07 1.2423620731354897e-08 1.4775419080916876e-07 1.1988522685635586e-07 -3.9684417194649986e-07 -3.315785409176059e-08 -9.418119707099864e-09 1.38631191420781e-08 -1.2144583499069756e-07 -2.921060599367179e-07 1.9280184661980358e-07 5.331747217111389e-08 -5.037212799438428e-07 -4.0805782566010507e-07 5.415081749085718e-07 -2.393348041789868e-06
PC4 9.023541122643344e-07 -6.204396001332864e-08 8.695276537843438e-07 6.006428473449316e-08 4.7763795240134386e-06 9.803323573320866e-07 -3.0383425984256795e-07 9.443235432083744e-08 -7.229944916037818e-07 1.5217348592064274e-07 1.4739818398508305e-07 -8.65556289157398e-09 -4.104456382644377e-07 -1.8125985254498287e-07 -5.4030003692196985e-08 -2.566679529570344e-08 5.5863766945826934e-08 1.0677412962461631e-07 -1.4864388018850113e-07 -1.1796610220468817e-07 7.201607628022512e-09 -1.1153888878621182e-06 9.892818280184085e-07 1.135390601282114e-06 -4.587275304762002e-06
PC5 -2.3820455388934103e-07 -1.9912041078117384e-07 -1.3639202002048114e-07 5.009873022592012e-07 9.803323573320874e-07 8.64396008000655e-06 1.351006112876197e-07 7.184747662530025e-07 -4.345892408746989e-07 -1.5905480996410805e-07 -2.0639099448177716e-07 -6.111620489174031e-07 3.0688883915640346e-07 -4.885781575597929e-07 2.240991468205181e-07 -2.1030427433210714e-08 -7.471990554660314e-08 3.6631705312546603e-07 -1.1424355517211843e-07 2.672311704386016e-07 9.492536656700331e-08 5.344672605788389e-07 -2.3344003883549773e-06 2.2094435038706456e-06 6.632290700564098e-07
PC6 5.726222746616545e-08 3.248630175468981e-08 -5.0117315400454985e-08 1.2485717000871232e-08 -3.0383425984256795e-07 1.3510061128761986e-07 8.454021572291272e-06 5.69722975348339e-09 8.990962244429878e-08 1.2400258169424898e-08 4.0355538353922585e-08 -1.58952454973474e-07 8.483136396114407e-08 -2.7055483932633593e-07 -3.008019042335994e-08 4.033229954834774e-08 -2.487901883458743e-08 2.4018788706170973e-07 -8.969932293140576e-08 -2.356730461954993e-08 -2.410370072960972e-07 -3.1367214165624027e-07 -2.830288039486227e-06 2.8237101349116127e-06 1.1404622878794095e-06
PC7 1.7399874452617725e-06 1.4437594519435632e-07 -1.980633948468234e-07 1.1500467183510433e-07 9.443235432083747e-08 7.184747662530027e-07 5.6972297534833495e-09 6.927276048829094e-06 3.814869534039086e-07 -1.540732260225275e-07 -9.384123154872192e-08 5.223024326795499e-07 8.054438519611771e-08 2.7077086026147524e-07 -1.3599941395525569e-08 -3.174877246996433e-07 -3.2477583915580605e-09 -1.3311123827323244e-08 5.266275818831791e-08 -7.6151151194395e-09 -1.56643110674045e-07 -1.259056253375608e-06 -1.0362090327877867e-06 3.407700971739992e-06 -4.922797711957583e-06
PC8 8.098185496753707e-07 1.419367716410682e-07 2.3290920791245033e-07 -1.0206225445456899e-07 -7.22994491603782e-07 -4.345892408746987e-07 8.990962244429891e-08 3.8148695340390864e-07 7.5007059649734e-06 1.3533243419124294e-07 1.656937755222882e-07 -1.9557181043579633e-07 2.464927953913562e-07 1.1004847278065684e-09 -5.600547126991674e-08 -1.981607204444023e-07 8.986780933598045e-08 9.35594635546212e-08 -1.482938564342877e-07 -2.0209209901545724e-07 1.5353784550283553e-07 -9.052065477654231e-07 -1.7182620894143806e-07 -1.653593674228049e-06 2.9940005640609275e-06
PC9 3.33762500705869e-07 -6.819882152705208e-08 4.273230263392685e-09 -4.6559297255370375e-07 1.5217348592064274e-07 -1.5905480996410813e-07 1.2400258169424847e-08 -1.5407322602252748e-07 1.3533243419124288e-07 6.745620923646365e-06 -4.6904739830471734e-08 -1.5316252545959714e-07 -1.1755942510668128e-07 -2.417520393481032e-09 -2.5063679181100925e-07 1.4340373553090895e-07 2.8009677541808416e-07 2.515932389245079e-07 -1.8971258536999384e-07 -1.4505895222652304e-07 -1.8090135543405738e-07 1.4477875473901924e-07 -1.6907207598071294e-06 1.5394998222596014e-06 3.00582612154907e-06
PC10 -5.424975156510365e-07 1.199382879672536e-07 6.2919913966588834e-09 1.2423620731354922e-08 1.473981839850829e-07 -2.0639099448177724e-07 4.035553835392254e-08 -9.384123154872186e-08 1.6569377552228812e-07 -4.690473983047183e-08 6.360037783386872e-06 -1.8379619755138884e-07 1.9557052303022035e-07 -2.8474821300727123e-07 -4.916407338392319e-08 -1.2222674471668098e-07 -3.2085084685364744e-07 1.4451717504772797e-07 1.9191763639931207e-07 2.1798468050469225e-07 -2.6908426192915663e-08 1.5930993589237104e-06 -2.938130863045095e-06 -6.168448039722971e-07 2.963586398252228e-06
PC11 2.8303289930038795e-07 -7.294074338798802e-08 -1.2437454967008938e-07 1.477541908091687e-07 -8.655562891574189e-09 -6.111620489174032e-07 -1.5895245497347396e-07 5.2230243267955e-07 -1.9557181043579633e-07 -1.5316252545959728e-07 -1.8379619755138892e-07 6.323393231393443e-06 -1.6109497987088942e-07 4.125567682529988e-08 -2.639891807849266e-07 1.6195985453052064e-07 1.293176682482888e-07 1.6210329757896507e-07 -2.440418413498278e-08 2.4142232077283556e-07 2.169428502841206e-07 -1.687945368962308e-06 9.183612548959273e-07 7.690891947897628e-07 -1.3393387699068432e-06
PC12 -3.9127378362610483e-07 2.9372484173407e-07 -1.7594231344127513e-07 1.198852268563559e-07 -4.1044563826443747e-07 3.0688883915640346e-07 8.483136396114395e-08 8.05443851961177e-08 2.464927953913562e-07 -1.1755942510668149e-07 1.9557052303022024e-07 -1.6109497987088937e-07 5.922095156631391e-06 -4.473460880645863e-09 -7.611271372712808e-08 -1.7987632854752468e-07 9.02488701228041e-09 -6.82107167411062e-08 -2.3087447005654984e-08 6.170662232537477e-08 -8.659452564787161e-08 2.387423789573313e-07 -7.937712080955042e-07 -3.2303803015346364e-07 2.2707561694561654e-06
PC13 6.972545651740125e-07 -8.736941907386838e-08 2.8540065583525347e-07 -3.968441719464998e-07 -1.8125985254498287e-07 -4.885781575597926e-07 -2.705548393263361e-07 2.707708602614751e-07 1.1004847278065243e-09 -2.4175203934809357e-09 -2.847482130072713e-07 4.125567682529978e-08 -4.473460880646092e-09 5.934830825662579e-06 -2.011357411024174e-07 4.1564030526416054e-07 2.1971855619370954e-07 6.203479738738958e-08 -1.1771290390765715e-08 -1.0216617667069753e-08 6.108575063882252e-08 -3.628046636777947e-08 -2.4978724470235843e-06 2.0521155144030496e-06 3.815929277119124e-06
PC14 3.2985219191638585e-07 -1.2691355586168674e-07 -3.5584573113200503e-07 -3.315785409176069e-08 -5.403000369219697e-08 2.240991468205183e-07 -3.0080190423359934e-08 -1.3599941395525296e-08 -5.600547126991655e-08 -2.506367918110093e-07 -4.9164073383923265e-08 -2.6398918078492655e-07 -7.611271372712812e-08 -2.0113574110241734e-07 6.174243934362978e-06 -4.578593322877174e-08 -9.693171660348707e-08 -1.601959130284316e-08 1.8875963154639874e-07 1.0278879043873905e-07 -4.17478670445084e-08 2.395564881732237e-07 9.009941171602576e-07 -3.7854047489962226e-06 -1.372545381006948e-06
PC15 -9.121369602811895e-07 -2.8995445283902846e-07 3.1624600042694726e-07 -9.41811970709984e-09 -2.5666795295703515e-08 -2.103042743321085e-08 4.0332299548347775e-08 -3.1748772469964336e-07 -1.9816072044440225e-07 1.434037355309088e-07 -1.2222674471668095e-07 1.6195985453052085e-07 -1.7987632854752486e-07 4.1564030526416054e-07 -4.578593322877191e-08 5.900176265953542e-06 1.8959000071196882e-07 -2.0753007072295863e-07 -4.3889750508453276e-08 3.895925042000692e-08 5.207874088018924e-08 7.02472288291426e-07 -4.083966649079283e-07 2.2084846065247797e-06 -1.3388541466143978e-06
PC16 -2.27528899245876e-07 -2.2732084766886507e-07 -6.882085646973763e-08 1.3863119142078067e-08 5.5863766945826875e-08 -7.471990554660296e-08 -2.4879018834587194e-08 -3.2477583915582243e-09 8.986780933598031e-08 2.800967754180842e-07 -3.208508468536474e-07 1.2931766824828855e-07 9.024887012280383e-09 2.1971855619370954e-07 -9.693171660348711e-08 1.895900007119689e-07 5.882813730623174e-06 3.750541371259077e-08 -2.0705454443782192e-07 -2.372777774189906e-07 -1.1263541282804258e-07 1.0633249236861765e-06 8.766964924751284e-07 1.3174825354491824e-06 -1.8770654068532526e-06
PC17 -3.821722639102805e-07 -3.2433424504565425e-09 5.873122161126799e-07 -1.2144583499069743e-07 1.0677412962461609e-07 3.6631705312546566e-07 2.4018788706170984e-07 -1.3311123827323131e-08 9.355946355462117e-08 2.515932389245078e-07 1.44517175047728e-07 1.621032975789649e-07 -6.82107167411062e-08 6.203479738738948e-08 -1.601959130284314e-08 -2.0753007072295858e-07 3.7505413712590766e-08 5.652865903140983e-06 1.678205071383839e-07 -1.256851594870345e-07 1.5818684517387212e-08 -1.2061623301409411e-06 3.2176329805628496e-07 -2.3755369982127566e-06 1.6530097907445405e-06
PC18 5.125561547884154e-07 -1.3161689690039618e-08 3.329341733455891e-08 -2.9210605993671784e-07 -1.4864388018850105e-07 -1.1424355517211823e-07 -8.969932293140564e-08 5.2662758188318005e-08 -1.482938564342878e-07 -1.8971258536999392e-07 1.919176363993121e-07 -2.4404184134982853e-08 -2.308744700565486e-08 -1.1771290390765751e-08 1.8875963154639876e-07 -4.3889750508453296e-08 -2.070545444378221e-07 1.6782050713838376e-07 5.48441100949108e-06 -9.109786401634156e-08 5.761861219190584e-08 6.640081252367456e-07 -5.093124626265211e-08 2.2418367847154654e-07 -1.773045360205022e-06
PC19 1.1586077869035433e-06 7.742857545043564e-08 -2.4088915445379026e-07 1.9280184661980353e-07 -1.1796610220468813e-07 2.6723117043860176e-07 -2.3567304619549957e-08 -7.615115119439495e-09 -2.0209209901545724e-07 -1.4505895222652315e-07 2.179846805046923e-07 2.414223207728355e-07 6.170662232537495e-08 -1.0216617667069695e-08 1.0278879043873911e-07 3.895925042000689e-08 -2.3727777741899062e-07 -1.256851594870345e-07 -9.109786401634168e-08 5.638840814625442e-06 1.668869924771629e-07 2.753213320046425e-07 3.0103181858792186e-09 -1.3740287121758397e-06 2.141924896466094e-06
PC20 3.333867903865366e-07 1.3124429892998853e-08 8.348089683180143e-08 5.331747217111378e-08 7.201607628022441e-09 9.492536656700335e-08 -2.4103700729609714e-07 -1.566431106740451e-07 1.5353784550283558e-07 -1.8090135543405733e-07 -2.6908426192915683e-08 2.1694285028412052e-07 -8.65945256478717e-08 6.108575063882236e-08 -4.174786704450834e-08 5.2078740880189293e-08 -1.1263541282804256e-07 1.5818684517387295e-08 5.7618612191905945e-08 1.668869924771629e-07 5.208173133223739e-06 -6.075649555071058e-08 1.941475623478147e-06 6.188236992137374e-07 -7.194062154921278e-07
proband -5.090838723396675e-06 -1.1424281199165548e-06 2.159511197325431e-06 -5.037212799438423e-07 -1.115388887862119e-06 5.344672605788382e-07 -3.1367214165624096e-07 -1.2590562533756087e-06 -9.052065477654244e-07 1.4477875473901855e-07 1.5930993589237096e-06 -1.687945368962307e-06 2.3874237895733197e-07 -3.6280466367780357e-08 2.3955648817322404e-07 7.024722882914269e-07 1.0633249236861741e-06 -1.2061623301409413e-06 6.640081252367447e-07 2.7532133200464287e-07 -6.075649555070964e-08 0.00035556802310152894 -0.00017751347603341133 1.0890097468637542e-05 -1.8053251025454392e-05
maternal 1.9087208803724472e-05 -2.284187215052508e-07 -4.198464602479757e-06 -4.080578256601095e-07 9.892818280184083e-07 -2.334400388354981e-06 -2.8302880394862284e-06 -1.0362090327877894e-06 -1.718262089414318e-07 -1.6907207598071241e-06 -2.938130863045105e-06 9.183612548959277e-07 -7.937712080955059e-07 -2.497872447023582e-06 9.009941171602533e-07 -4.083966649079327e-07 8.766964924751307e-07 3.217632980562855e-07 -5.0931246262649743e-08 3.0103181858802166e-09 1.9414756234781397e-06 -0.00017751347603341174 0.0014507150232624369 -0.0009821749754940962 -0.0009387638696736834
gpm -3.203372921753064e-05 1.1113901989199069e-06 -1.6629417505449995e-06 5.415081749085735e-07 1.1353906012821126e-06 2.20944350387065e-06 2.823710134911616e-06 3.407700971739996e-06 -1.6535936742280567e-06 1.539499822259593e-06 -6.168448039722892e-07 7.690891947897618e-07 -3.23038030153463e-07 2.0521155144030445e-06 -3.7854047489962116e-06 2.2084846065247847e-06 1.3174825354491792e-06 -2.375536998212758e-06 2.2418367847154874e-07 -1.3740287121758416e-06 6.188236992137407e-07 1.089009746863819e-05 -0.000982174975494096 0.002753309245083322 -0.0008768171481796756
gmm 9.77210495108967e-06 -2.111943008905916e-06 7.969034416295807e-06 -2.3933480417898613e-06 -4.587275304761997e-06 6.632290700564153e-07 1.1404622878794097e-06 -4.922797711957581e-06 2.994000564060927e-06 3.0058261215490716e-06 2.9635863982522387e-06 -1.3393387699068449e-06 2.2707561694561667e-06 3.815929277119127e-06 -1.3725453810069505e-06 -1.338854146614397e-06 -1.8770654068532488e-06 1.653009790744539e-06 -1.7730453602050282e-06 2.141924896466094e-06 -7.194062154921216e-07 -1.8053251025454175e-05 -0.0009387638696736846 -0.0008768171481796739 0.0028035093364947787
