 intercept PC1 PC2 PC3 PC4 PC5 PC6 PC7 PC8 PC9 PC10 PC11 PC12 PC13 PC14 PC15 PC16 PC17 PC18 PC19 PC20 proband paternal gpp gmp
intercept 0.0004212574696530466 9.251630595918286e-07 -6.437406187829033e-08 3.2274077121490923e-07 8.053188523796073e-07 -1.726659744427593e-06 7.730472314039881e-07 1.1674539566323216e-06 -2.1159742011128523e-07 1.509881368894416e-06 2.5654499484362364e-07 1.2085945414768048e-06 -2.1074511262130543e-06 1.4532582829648736e-06 -1.8049680978060858e-06 -1.4069074266670277e-06 -8.125900117356833e-07 9.299168105200051e-08 -4.3366265394607214e-07 1.926448492184501e-06 9.376524782787124e-07 -4.377171317587048e-06 4.426547178691062e-05 -4.3780703012969674e-05 8.73601787693329e-08
PC1 9.251630595918288e-07 1.4559449984811034e-06 -1.1950014241841806e-06 -1.3089386787462592e-07 -5.51378351248916e-08 -1.529364623339131e-07 4.259513107912629e-09 4.011138597108118e-08 4.431839225754895e-08 3.3294441068302533e-09 -5.854255365939826e-09 -9.544756346683779e-08 4.2135829484202864e-07 -4.444340155263485e-09 -2.5838536872586595e-07 -4.1911732471216417e-07 -3.8483088704142364e-07 1.0126465643593546e-07 1.586530613664444e-08 1.0344040847787057e-07 -3.1581024678183214e-08 -5.812208946810034e-07 3.215686905268709e-07 -2.894597479221452e-06 -1.9632035632485296e-06
PC2 -6.43740618782918e-08 -1.195001424184181e-06 3.165692371949347e-05 5.041152386443223e-07 1.015077115396375e-06 -6.658786730764072e-07 -2.2293262924484936e-07 -2.121986346409039e-07 8.705388554624665e-07 -2.452741828017413e-07 1.5604088877336478e-07 -5.1609159169598605e-08 -4.531503411476332e-07 1.6269739225605908e-07 -1.7829968492094956e-07 8.092397460890102e-08 -1.3720547493074793e-07 3.420635500282263e-07 -1.6227973087502344e-07 -2.4912950707405966e-07 -1.5863619137197123e-07 2.2751950816250905e-06 -6.053751125354392e-06 1.549217278794588e-06 4.99861540696701e-06
PC3 3.2274077121490876e-07 -1.308938678746259e-07 5.041152386443221e-07 2.9065861867996257e-06 5.332427305874091e-08 7.66497835728831e-07 5.467377328965633e-08 2.677093571789818e-07 -1.3406420208875412e-07 -6.77173193235868e-07 1.5372454503739444e-07 2.4923970230258066e-07 6.331699156912349e-08 -3.215805382099727e-07 1.614332018797737e-07 -1.2618730518552468e-07 -9.106376588744062e-09 -1.7363336175398703e-07 -2.2861119792922583e-07 2.389987160565811e-07 1.0285066694486964e-07 -1.1156595188477572e-06 -9.005862299867514e-07 2.5677216351173736e-06 9.549250702075515e-07
PC4 8.053188523796064e-07 -5.5137835124891505e-08 1.0150771153963751e-06 5.332427305874083e-08 5.665119999725091e-06 1.2141578754600123e-06 -1.246628414319297e-07 1.0033424730297363e-07 -5.878298603133657e-07 4.2573366533660634e-07 1.120906795388585e-07 2.3183580998370754e-07 -5.729426788854726e-07 -1.1062406994040135e-07 -1.2237147741636322e-07 -6.768952419066263e-08 1.553343786549376e-07 -4.2992099373842505e-08 -2.095113383102557e-07 -1.1383145092222439e-07 -1.9672439839750036e-08 -1.1470009126090033e-06 1.1439692903906088e-06 -4.6634019953720125e-06 -4.967397057676291e-06
PC5 -1.726659744427593e-06 -1.5293646233391304e-07 -6.658786730764069e-07 7.664978357288307e-07 1.2141578754600125e-06 1.0742368704502003e-05 3.262851170039061e-07 8.072812809257747e-07 -3.872249396163034e-07 -3.203558016996319e-07 -2.1527554504529468e-07 -7.007227558680684e-07 3.997719760381419e-07 -8.611035621102902e-07 4.1489047302784907e-07 -4.446399723893472e-08 -5.1511677437284946e-08 4.937904717800068e-07 -2.3769483114146245e-07 1.228158281473265e-07 -3.716457229487552e-08 -9.712581974669087e-07 4.887486302331189e-06 -6.431729933250831e-06 -8.161255899968671e-07
PC6 7.730472314039863e-07 4.259513107912638e-09 -2.2293262924484912e-07 5.467377328965639e-08 -1.2466284143192978e-07 3.2628511700390605e-07 1.0175942707960629e-05 5.021303033279506e-08 6.294157813356694e-08 2.4873306093872375e-07 9.269198683059369e-08 -2.880796042692022e-07 -8.587225121329305e-08 -2.610637923293759e-07 -1.0514377524870929e-07 -3.959057751029236e-08 -1.2822711621596103e-07 3.7149437159097714e-07 -2.7294713320945975e-07 -6.81325183634727e-08 -2.4460988105711327e-07 -1.2836871847995226e-06 -6.822023841522832e-07 -3.454796422887076e-06 5.113721171174427e-06
PC7 1.1674539566323227e-06 4.011138597108117e-08 -2.1219863464090364e-07 2.6770935717898193e-07 1.0033424730297348e-07 8.072812809257743e-07 5.0213030332795e-08 8.277479099799442e-06 3.373296479821098e-07 -2.484935729807191e-07 -1.1398362880988895e-07 6.646218751902748e-07 1.0302068637350153e-07 5.178018404479892e-07 -1.5666032374481355e-07 -2.1507593885038474e-07 -3.1716318289592916e-07 -1.732308070540958e-07 1.4693592805752242e-07 5.1452846874049634e-08 -1.4663441458375338e-07 -2.764049793901919e-06 2.635178372098306e-06 7.709939998222778e-07 -1.2141446611298733e-06
PC8 -2.115974201112842e-07 4.4318392257548956e-08 8.705388554624663e-07 -1.3406420208875414e-07 -5.878298603133656e-07 -3.872249396163034e-07 6.294157813356684e-08 3.373296479821094e-07 8.870273079662452e-06 2.788424295324617e-07 1.1324463973823925e-07 -5.432914145696385e-07 -2.1593745174405183e-09 1.3218929860839376e-07 -1.236332187271197e-08 -1.8111068131234395e-07 1.4370423419359574e-07 8.242308232554261e-08 -2.412989079862699e-07 -2.3840013957951982e-07 2.8485923431163025e-07 3.798708886515739e-08 1.550371760971447e-06 -2.629130203397143e-06 8.425181037664524e-07
PC9 1.5098813688944163e-06 3.3294441068304142e-09 -2.4527418280174173e-07 -6.771731932358685e-07 4.2573366533660623e-07 -3.203558016996321e-07 2.48733060938724e-07 -2.484935729807192e-07 2.788424295324616e-07 7.96539839272928e-06 -2.95354414238587e-07 -1.2260380009198984e-07 -1.4039767810434205e-07 -2.0449386270634878e-07 -3.2564534962120335e-07 3.079434260073317e-08 1.8470160633342098e-07 1.8551267587499013e-07 -4.000712844275011e-07 -1.929790577180908e-07 -2.8120016721945345e-07 7.442033393824355e-07 -2.944861062187335e-07 2.865943576874859e-06 -2.9637162142764007e-06
PC10 2.5654499484362253e-07 -5.854255365939861e-09 1.5604088877336486e-07 1.5372454503739452e-07 1.1209067953885852e-07 -2.1527554504529463e-07 9.269198683059378e-08 -1.1398362880988899e-07 1.1324463973823945e-07 -2.953544142385871e-07 8.268856166389357e-06 -2.4574555260083784e-07 1.1968813708301145e-07 -2.1684962120101054e-07 -1.707703966447739e-07 2.4795431396118336e-07 -7.765334010945405e-08 -1.3529908452724798e-07 2.225496517756141e-07 3.251645189698307e-07 -2.674868676438999e-08 -2.3457906768748283e-07 6.7132410331591995e-06 -2.685723489580472e-06 -3.6153221876536363e-06
PC11 1.2085945414768054e-06 -9.54475634668378e-08 -5.160915916959895e-08 2.4923970230258056e-07 2.3183580998370762e-07 -7.007227558680687e-07 -2.88079604269202e-07 6.646218751902744e-07 -5.432914145696386e-07 -1.226038000919898e-07 -2.457455526008376e-07 7.663649688689133e-06 -1.65500357075871e-07 -5.3940064615393e-08 -1.6862494389565512e-07 1.4651961076542276e-07 -2.173003381046243e-08 1.8095184045462423e-07 -3.044230120146625e-08 1.7144631787963548e-07 2.928217205269173e-07 -2.5526137801604873e-06 6.130057669529942e-06 -5.980341168451152e-06 -1.0526550325229768e-06
PC12 -2.1074511262130526e-06 4.213582948420285e-07 -4.531503411476332e-07 6.331699156912364e-08 -5.729426788854729e-07 3.997719760381421e-07 -8.587225121329323e-08 1.0302068637350176e-07 -2.159374517440391e-09 -1.4039767810434203e-07 1.196881370830116e-07 -1.6550035707587082e-07 7.229725804805872e-06 1.087685338709394e-07 -5.263672569443605e-09 -3.8686783041143057e-07 -2.0414098400792068e-07 8.923706329389756e-08 -9.07482043292809e-08 1.2508487031932924e-07 -8.947416809926359e-08 -1.2154509867115908e-06 -7.901412776803798e-07 7.1129021116058435e-06 -4.3017903374348856e-07
PC13 1.4532582829648743e-06 -4.44434015526348e-09 1.6269739225605916e-07 -3.2158053820997247e-07 -1.106240699404012e-07 -8.611035621102906e-07 -2.610637923293758e-07 5.178018404479887e-07 1.3218929860839387e-07 -2.0449386270634883e-07 -2.168496212010104e-07 -5.394006461539298e-08 1.0876853387093935e-07 6.788029964995005e-06 -3.4294080935965823e-07 4.809814265090941e-07 1.2225146137770772e-07 9.008044834680535e-08 -2.1035404585778744e-07 5.328589453435552e-08 8.58143589766481e-08 1.4462072263728059e-06 3.6717584307301466e-06 -4.527228797565825e-06 -3.067256936816849e-06
PC14 -1.8049680978060845e-06 -2.583853687258659e-07 -1.7829968492094956e-07 1.6143320187977363e-07 -1.2237147741636337e-07 4.14890473027849e-07 -1.0514377524870936e-07 -1.5666032374481363e-07 -1.2363321872711829e-08 -3.2564534962120313e-07 -1.7077039664477402e-07 -1.68624943895655e-07 -5.263672569443672e-09 -3.4294080935965823e-07 7.499439007029272e-06 8.397903711091178e-09 1.0916511819541867e-07 -2.3763391456636886e-08 1.0457247111986392e-07 7.097873874835735e-08 -8.994300623564108e-08 -2.749068846724873e-06 -3.816064929170592e-07 3.4896612019726827e-06 1.1348511377908032e-08
PC15 -1.4069074266670269e-06 -4.1911732471216433e-07 8.092397460890083e-08 -1.2618730518552455e-07 -6.768952419066238e-08 -4.446399723893471e-08 -3.9590577510292426e-08 -2.1507593885038482e-07 -1.811106813123439e-07 3.079434260073324e-08 2.4795431396118326e-07 1.4651961076542265e-07 -3.868678304114306e-07 4.809814265090942e-07 8.397903711091255e-09 7.339487154959053e-06 2.675719850884652e-07 -4.624997101062578e-07 -1.2412315711192364e-07 -9.576230330722407e-08 1.9033478461390997e-07 3.240880191702417e-07 4.089012846228873e-06 -4.3630256741799184e-06 -2.0490049411292846e-06
PC16 -8.125900117356837e-07 -3.8483088704142343e-07 -1.3720547493074864e-07 -9.106376588743978e-09 1.5533437865493752e-07 -5.1511677437284866e-08 -1.2822711621596087e-07 -3.171631828959292e-07 1.4370423419359566e-07 1.8470160633342084e-07 -7.76533401094539e-08 -2.1730033810462492e-08 -2.041409840079208e-07 1.2225146137770753e-07 1.091651181954187e-07 2.6757198508846503e-07 7.4789625831092895e-06 -2.7750900182231703e-07 2.4167376328881226e-08 -4.1336736401704285e-07 7.483438576340303e-08 2.341760871282546e-06 8.512811553011512e-07 -4.8852029863192584e-06 2.2073962342233485e-06
PC17 9.299168105200008e-08 1.0126465643593542e-07 3.420635500282262e-07 -1.7363336175398714e-07 -4.299209937384248e-08 4.937904717800066e-07 3.714943715909773e-07 -1.732308070540959e-07 8.242308232554262e-08 1.8551267587499032e-07 -1.3529908452724793e-07 1.8095184045462423e-07 8.923706329389768e-08 9.00804483468052e-08 -2.3763391456636833e-08 -4.6249971010625777e-07 -2.775090018223169e-07 6.810261088961161e-06 1.1404445185693276e-07 -1.4753590892935244e-07 4.943035916177856e-09 -2.1341729568674308e-06 1.498536054132519e-06 -2.6661091239148557e-06 1.265420299652162e-06
PC18 -4.3366265394607357e-07 1.5865306136644346e-08 -1.6227973087502333e-07 -2.2861119792922575e-07 -2.0951133831025558e-07 -2.3769483114146248e-07 -2.729471332094597e-07 1.4693592805752242e-07 -2.4129890798626995e-07 -4.0007128442750103e-07 2.2254965177561406e-07 -3.0442301201465995e-08 -9.074820432928103e-08 -2.1035404585778768e-07 1.0457247111986389e-07 -1.241231571119235e-07 2.4167376328881305e-08 1.140444518569327e-07 6.789038641178561e-06 -8.830016275083578e-08 1.268312688604352e-07 1.0599285610211481e-07 6.110330501503548e-08 2.8437835575993027e-06 -2.4180048836144335e-06
PC19 1.9264484921845024e-06 1.0344040847787045e-07 -2.491295070740597e-07 2.38998716056581e-07 -1.1383145092222449e-07 1.2281582814732626e-07 -6.813251836347301e-08 5.145284687404945e-08 -2.384001395795197e-07 -1.9297905771809086e-07 3.251645189698305e-07 1.7144631787963522e-07 1.25084870319329e-07 5.32858945343556e-08 7.09787387483573e-08 -9.576230330722399e-08 -4.133673640170426e-07 -1.4753590892935255e-07 -8.830016275083568e-08 6.8317211101746115e-06 3.747837085209597e-07 7.054190872889288e-07 4.802203291508383e-09 1.549818850368261e-06 8.082152720205428e-07
PC20 9.376524782787118e-07 -3.158102467818326e-08 -1.586361913719711e-07 1.0285066694486969e-07 -1.967243983975003e-08 -3.7164572294875527e-08 -2.4460988105711327e-07 -1.4663441458375338e-07 2.8485923431163035e-07 -2.8120016721945345e-07 -2.6748686764390288e-08 2.928217205269174e-07 -8.947416809926359e-08 8.581435897664808e-08 -8.994300623564111e-08 1.9033478461391e-07 7.48343857634029e-08 4.943035916177881e-09 1.2683126886043528e-07 3.7478370852095954e-07 6.229259817413063e-06 1.302553052667567e-06 -1.3185443845539932e-06 2.9131484387775617e-06 -1.8731626454792998e-06
proband -4.377171317587054e-06 -5.812208946810038e-07 2.27519508162509e-06 -1.1156595188477564e-06 -1.1470009126090066e-06 -9.712581974669102e-07 -1.283687184799523e-06 -2.7640497939019205e-06 3.798708886515541e-08 7.44203339382434e-07 -2.3457906768748175e-07 -2.5526137801604885e-06 -1.2154509867115891e-06 1.446207226372806e-06 -2.7490688467248734e-06 3.2408801917024033e-07 2.341760871282546e-06 -2.134172956867433e-06 1.0599285610211655e-07 7.054190872889298e-07 1.302553052667566e-06 0.0004466481412887304 -0.0002508038719691736 1.161632653024791e-05 1.0718358416399875e-05
paternal 4.426547178691065e-05 3.215686905268734e-07 -6.053751125354389e-06 -9.005862299867508e-07 1.143969290390623e-06 4.887486302331192e-06 -6.822023841522808e-07 2.6351783720983135e-06 1.5503717609714442e-06 -2.944861062187306e-07 6.713241033159196e-06 6.130057669529944e-06 -7.90141277680387e-07 3.671758430730144e-06 -3.81606492917068e-07 4.089012846228875e-06 8.512811553011551e-07 1.4985360541325194e-06 6.11033050150354e-08 4.8022032915118895e-09 -1.318544384553989e-06 -0.00025080387196917337 0.0016706485134548449 -0.0012164148243946854 -0.0009663696901112004
gpp -4.378070301296969e-05 -2.894597479221451e-06 1.5492172787945825e-06 2.5677216351173715e-06 -4.66340199537203e-06 -6.431729933250832e-06 -3.4547964228870784e-06 7.709939998222714e-07 -2.6291302033971373e-06 2.865943576874853e-06 -2.6857234895804695e-06 -5.98034116845115e-06 7.11290211160585e-06 -4.527228797565823e-06 3.4896612019726903e-06 -4.363025674179921e-06 -4.885202986319265e-06 -2.6661091239148506e-06 2.843783557599304e-06 1.5498188503682545e-06 2.91314843877756e-06 1.1616326530247799e-05 -0.0012164148243946852 0.0030084775126972803 -0.0006841520090755717
gmp 8.736017876932984e-08 -1.9632035632485326e-06 4.998615406967007e-06 9.549250702075513e-07 -4.9673970576762956e-06 -8.161255899968672e-07 5.113721171174423e-06 -1.2141446611298748e-06 8.425181037664545e-07 -2.963716214276399e-06 -3.615322187653632e-06 -1.0526550325229768e-06 -4.3017903374348385e-07 -3.0672569368168463e-06 1.1348511377915276e-08 -2.0490049411292824e-06 2.2073962342233485e-06 1.265420299652159e-06 -2.418004883614434e-06 8.082152720205433e-07 -1.873162645479303e-06 1.0718358416399588e-05 -0.0009663696901111996 -0.0006841520090755722 0.0026634545659822246
