Estimate Std. Error z value Pr(>|z|)
(Intercept) -0.933316660101731 0.0612698976178643 -15.2328744846736 2.13973276091817e-52
covarSEX 1473.7624746183 786.171451219897 1.8746069605192 0.0608468149022484
covarYOB -17.2049106234509 17.6258368033466 -0.976118797388629 0.32900559724917
covarYOBsq 17.8107306237667 17.5710251369714 1.01364208888933 0.310753566551178
covarSEX_YOB -2948.52676664607 1567.68110575532 -1.88082050349483 0.0599963400692465
covarSEX_YOBsq 1474.15768349436 781.659616051407 1.88593302407145 0.0593039806385599
covarPC1 0.165232006536531 0.0472798864264977 3.4947631863161 0.000474482547435308
covarPC2 0.0306530133265325 0.0441349411033233 0.694529381035571 0.48735028181674
covarPC3 0.108139304777533 0.0477505057990838 2.26467349335612 0.0235327232423289
covarPC4 0.0921434538287135 0.0456675416098795 2.01770120703803 0.0436223890548633
covarPC5 -0.0396810995175065 0.049181466025632 -0.806830351434131 0.419764230065916
covarPC6 -0.0277356159676244 0.0418126967815348 -0.663329995492492 0.507119229816841
covarPC7 0.0822156221251169 0.0435347219009432 1.88850688680604 0.0589579342512632
covarPC8 -0.0389794537649319 0.0455309746708975 -0.856108485414145 0.391937775522216
covarPC9 0.0158907503005128 0.0439260614659397 0.361761327334902 0.717530393806701
covarPC10 0.0271548438810113 0.0442767977187277 0.61329737650665 0.539679727764911
covarPC11 0.0203856016063468 0.0449664990505446 0.453350873134071 0.650296105607224
covarPC12 -0.0470723074630529 0.0420656833273299 -1.1190192037715 0.263131946493582
covarPC13 -0.0379015191509282 0.0441028150688778 -0.85939002060833 0.390125373593178
covarPC14 -0.101363555469186 0.0438376945296095 -2.31224649372748 0.0207641034471596
covarPC15 -0.106924663319506 0.0441048446509639 -2.42432921293985 0.015336695230361
covarPC16 -0.0208445096743855 0.0432901002730538 -0.481507539666298 0.630155822410854
covarPC17 -0.0172637282345918 0.043501479555268 -0.396853817642191 0.691475261724741
covarPC18 0.00760611470568024 0.0423258722775084 0.179703672869657 0.857385209855087
covarPC19 0.0525622668118542 0.0432212363446796 1.21612131575048 0.223938711672204
covarPC20 -0.0670940595857136 0.042063278621679 -1.59507441607593 0.110695595795741
proband -0.0877411299856682 0.0507546482616706 -1.72873092397981 0.0838572640328264
maternal -0.0373676767975224 0.0548472272877229 -0.681304755872079 0.49567867461771
gmm 0.00664672662361506 0.0895343672899807 0.0742365956760255 0.940822127036763
gpm 0.0121884421395717 0.0924544570554959 0.131831850272568 0.895117293534947
