Estimate Std. Error z value Pr(>|z|)
(Intercept) -1.07482812207111 0.0941774593763544 -11.4127958981762 3.60937919504619e-30
covarSEX 2195.11803606634 1070.88677767691 2.04981337133348 0.0403826462743256
covarYOB 10.0323744181755 22.5341801038895 0.44520698653881 0.656170178241472
covarYOBsq -9.25566924011149 22.4338771281158 -0.412575552021349 0.679917616320734
covarSEX_YOB -4386.44159283373 2131.98597257147 -2.0574439275241 0.0396435433732944
covarSEX_YOBsq 2190.84646545436 1061.322187561 2.06426143835652 0.0389929350879153
covarPC1 0.171459808623613 0.0509079732672081 3.36803446728565 0.000757061309413862
covarPC2 -0.0234297337813271 0.0481114132188035 -0.48698909913064 0.62626605600545
covarPC3 0.0691373706735383 0.0518236960076642 1.33408799448255 0.182175019911834
covarPC4 0.0983340014376022 0.0515987372593606 1.90574433911681 0.0566833836268623
covarPC5 -0.112093775274522 0.0555488284495779 -2.01793230214154 0.0435983123262592
covarPC6 0.0236023481211498 0.0451595832185744 0.522643178678452 0.601222586745384
covarPC7 0.0974128407082645 0.04717704469604 2.06483558552453 0.0389385595617046
covarPC8 -0.0175995544524289 0.0490442885103775 -0.358850234899521 0.719707130074708
covarPC9 0.0263860443849759 0.0474534303648167 0.556040821119208 0.578182949130887
covarPC10 0.0606034157762796 0.0488360576947703 1.24095634735827 0.214621875298147
covarPC11 0.0880156361466434 0.0490944893597128 1.79278035670679 0.0730080516283203
covarPC12 0.00936559339706642 0.0468999318784176 0.199693113016573 0.841720600309318
covarPC13 -0.0116074715286151 0.0472378746424396 -0.245723831067256 0.805896023171324
covarPC14 -0.12970899069917 0.0476018231032191 -2.72487443218112 0.00643259460699413
covarPC15 -0.0927621008236881 0.048463867374574 -1.91404660521076 0.0556142010655914
covarPC16 -0.0244507859194124 0.0483793681097892 -0.50539696723457 0.613280048536155
covarPC17 -0.00435151270193345 0.0477069103970838 -0.0912134670997149 0.927322974363883
covarPC18 0.0155511174584382 0.0469144057561556 0.331478513002326 0.740283068594108
covarPC19 0.0572198412556332 0.0472038855974126 1.21218498289831 0.225441578586576
covarPC20 0.00177774544811309 0.0461823183837671 0.0384940711148438 0.969293758547118
proband -0.0677632289623101 0.0551567591663033 -1.228557115874 0.219237902436854
paternal -0.0193691804390838 0.0621442316694103 -0.311681067071878 0.755282917989824
gpp -0.282113674723087 0.106415787259681 -2.65105095764276 0.00802417339746808
gmp 0.133333602910643 0.0966305939420461 1.37982803862935 0.167639597429323
