Estimate Std. Error z value Pr(>|z|)
(Intercept) 0.115828411902016 0.0734458237223245 1.57705919862682 0.114781904307063
covarSEX -915.476635106601 938.280443433963 -0.975696170066271 0.329215050735976
covarYOB -32.7457371300137 22.275198500133 -1.4700536621399 0.141547220910665
covarYOBsq 32.0882570049281 22.1810236885661 1.44665356547403 0.147993975734936
covarSEX_YOB 1827.39009575513 1869.831585601 0.977301971914107 0.328419677145805
covarSEX_YOBsq -911.958359993122 931.73661816009 -0.978772694148241 0.327692304442186
covarPC1 0.0603893164948344 0.0505771267573055 1.19400449109363 0.23247621127041
covarPC2 -0.00238014451441849 0.0474997768621624 -0.0501085409585255 0.960035893589422
covarPC3 -0.0318242858207645 0.0500974628147277 -0.635247456312474 0.525267036645956
covarPC4 0.0131479299214504 0.0522362873887958 0.25170107943526 0.801272122587816
covarPC5 -0.11627583136283 0.0552556807286533 -2.10432357052718 0.0353502313437211
covarPC6 -0.017150819790964 0.0444254594559085 -0.386058354849112 0.699453451463373
covarPC7 0.0143060263684215 0.0467313424622679 0.306133434535345 0.759503052108995
covarPC8 0.0151272831554235 0.0481793995258549 0.31397824182731 0.753537564246555
covarPC9 -0.0425830855010426 0.0466205778178341 -0.913396776578625 0.361033900274513
covarPC10 -0.039686388217278 0.0481469241781583 -0.824276709150231 0.409782349360867
covarPC11 0.0479144364331056 0.0483060319353428 0.991893445051306 0.321249507041594
covarPC12 -0.0288838421251251 0.0464200426158807 -0.622227824393329 0.533792072528297
covarPC13 -0.0608592875697535 0.0469906929061707 -1.29513492578786 0.195273688480485
covarPC14 -0.0171977539592934 0.0467368079733901 -0.36797022956906 0.712895432535694
covarPC15 -0.0513222974325506 0.0475034345790269 -1.08039129985792 0.279967968431
covarPC16 -0.0256691358700431 0.0473950672650347 -0.541599312993913 0.58809456521087
covarPC17 0.0185720990744616 0.0471730835122968 0.393701189145719 0.693801663319346
covarPC18 -0.0234347366617464 0.046127631355786 -0.50804118860976 0.611424458053815
covarPC19 0.0375659995569919 0.0466015386505612 0.806110713182204 0.42017901491006
covarPC20 -0.0432220934511728 0.0458953278715093 -0.941753669832786 0.346318770203051
proband -0.163917031966811 0.0541320301414831 -3.0280968871551 0.00246099171077523
paternal -0.0858208720496928 0.0634329479577208 -1.35293841470042 0.176075305776941
gpp -0.110787505417253 0.110884079860539 -0.999129050415465 0.317732180014532
gmp 0.0802940210204278 0.100896798042519 0.795803460349565 0.426146280152225
