Estimate Std. Error z value Pr(>|z|)
(Intercept) -0.889068141274913 0.0696280667881925 -12.7688184131184 2.44843017268257e-37
covarSEX 2154.40496193651 877.383780385961 2.45548756439147 0.0140693620513242
covarYOB -17.448813153556 20.4515070504886 -0.853179822419942 0.393559591084248
covarYOBsq 18.0310526241441 20.3731131393853 0.885041598737628 0.37613419579323
covarSEX_YOB -4302.1302725617 1748.73536358182 -2.46013797293486 0.0138883611989975
covarSEX_YOBsq 2147.24075813322 871.523149339174 2.46377937265505 0.013748070791193
covarPC1 0.15373639154339 0.0482142506609414 3.18860895764026 0.00142959122442934
covarPC2 0.028955194595675 0.0452976938658424 0.639220060107943 0.522679783961616
covarPC3 0.15118620936497 0.047817185531861 3.1617546637962 0.00156821626704783
covarPC4 0.0810713302298837 0.0467543415278999 1.73398507134371 0.0829207320199237
covarPC5 -0.0344903941116267 0.0505746752935402 -0.681969659942276 0.495258135807391
covarPC6 -0.0191499789619814 0.0424937136211384 -0.450654398735706 0.652238653301903
covarPC7 0.100300966552889 0.0448037243380794 2.23867475382269 0.0251770863597063
covarPC8 -0.0186528800483583 0.0464779144692268 -0.401327819059274 0.688178784517476
covarPC9 0.0147623632116802 0.0447973052885937 0.329536857553773 0.741749939909309
covarPC10 0.0456185603670569 0.0449132742091714 1.0157032897357 0.309770700990536
covarPC11 0.0201823297977068 0.0459786023086972 0.438950485319323 0.660697414468844
covarPC12 -0.0704193720355561 0.0439991571589075 -1.60047093132328 0.109494150561563
covarPC13 -0.0431356206749469 0.0450530973605383 -0.957439625732128 0.338345405884962
covarPC14 -0.100593026777908 0.0444699801115388 -2.26204343976774 0.0236947195531562
covarPC15 -0.0857516841086655 0.0451696707074647 -1.89843500662258 0.0576388018244174
covarPC16 -0.0124547890931746 0.0443280438767865 -0.280968614987698 0.778734472161014
covarPC17 -0.0401979835515413 0.0445396251449235 -0.902521820081436 0.366779735679441
covarPC18 0.00914939603215734 0.0431854789219284 0.211862789543166 0.832214081228945
covarPC19 0.0444959161463916 0.0445151480519815 0.999567969411953 0.317519630535661
covarPC20 -0.0621905085397761 0.0434901704958454 -1.42998999154802 0.152719891610839
proband 0.058970024513789 0.0496063006770603 1.18876077653295 0.234533816857889
maternal -0.115156505246864 0.0898380116805215 -1.28182384152022 0.199904448713686
gmm 0.0697208320209223 0.116323650390751 0.599369361146404 0.548926603760553
gpm 0.19227581386152 0.11458674085345 1.67799356565547 0.09334835512733
