Estimate Std. Error z value Pr(>|z|)
(Intercept) 0.0843143072887846 0.0917418204153436 0.9190389607168 0.358075194033423
covarSEX -2071.16395069816 1081.72822633751 -1.91468050871766 0.055533260791695
covarYOB -55.7441306890536 26.8283420635094 -2.07780751255867 0.0377270916184254
covarYOBsq 54.9875447763632 26.6916085137773 2.06010607221294 0.0393884015132063
covarSEX_YOB 4125.08236480286 2154.22785900435 1.91487745716436 0.0555081333290446
covarSEX_YOBsq -2054.22132800859 1072.719933262 -1.91496518738304 0.0554969434107372
covarPC1 0.12680981674036 0.0519072091172921 2.44300972633328 0.0145653447314231
covarPC2 -0.0324240928502419 0.0482610342515198 -0.671848279944826 0.501680289168051
covarPC3 0.0247561683566331 0.049489743303943 0.500228263553364 0.616914359260064
covarPC4 -0.000317048778370723 0.0525748265865781 -0.00603042937000696 0.995188442673589
covarPC5 -0.109770228263225 0.0563836895797698 -1.94684365427923 0.0515534815266365
covarPC6 -0.00397362990704038 0.0453895336531607 -0.0875450701345479 0.930238262137853
covarPC7 0.0173934011899623 0.0475618725901694 0.365700512674039 0.714588563530798
covarPC8 0.0251910986947464 0.0492463231768254 0.511532578874862 0.608978181849564
covarPC9 -0.0406074326553066 0.047273149986345 -0.858995701937278 0.390342887296297
covarPC10 -0.0385646412131707 0.049604206761261 -0.77744698950187 0.436895098418671
covarPC11 0.0593644088182581 0.0491662797603668 1.2074212063145 0.227269972750394
covarPC12 -0.00274506650172863 0.0472138077812435 -0.0581411801066203 0.953636172872105
covarPC13 -0.0578088252568773 0.0468261433429304 -1.2345416711668 0.217001128778007
covarPC14 -0.0132982847959401 0.0473775995777128 -0.280687179478714 0.778950342903462
covarPC15 -0.0474956099642561 0.0484719275761839 -0.979858081558789 0.327156177163263
covarPC16 -0.0149856131415851 0.0482103939633838 -0.310837807153512 0.755923926438917
covarPC17 -0.00170290165043047 0.0479106268127124 -0.0355432972540162 0.971646521954223
covarPC18 -0.0358015723936316 0.046707132419676 -0.766511890987976 0.443371779298883
covarPC19 0.048387140535224 0.0474097372893186 1.02061608652123 0.307436364952481
covarPC20 -0.0634929584552374 0.046498769171283 -1.36547611016013 0.172103456695413
proband -0.0128969612205851 0.0515317406293769 -0.250272182989932 0.802376866829743
paternal -0.0420407506241284 0.0997845096369036 -0.42131540032723 0.673524786088947
gpp -0.106341599753669 0.128163800190223 -0.829731949238673 0.406690353456758
gmp -0.00394831914809459 0.118757484844882 -0.0332469077907113 0.973477691771979
