Estimate Std. Error z value Pr(>|z|)
(Intercept) -1.66002294499306 0.119086523586049 -13.9396372906425 3.63784226901302e-44
covarSEX -447.717128920562 1703.676194869 -0.262794731926737 0.792708796182018
covarYOB 148.828936167942 34.9782068209682 4.25490468764467 2.09138083109522e-05
covarYOBsq -148.723835487909 34.8297999249833 -4.27001693401144 1.95458126556962e-05
covarSEX_YOB 913.20403012467 3397.04507732015 0.26882305337116 0.788065852120708
covarSEX_YOBsq -465.891811822367 1693.70814333851 -0.275072074049332 0.783260865961746
covarPC1 0.0923516466302828 0.0622909881049699 1.48258439045237 0.138184866912972
covarPC2 -0.0933999581847497 0.0586273936059034 -1.59311121372015 0.111135244152196
covarPC3 0.0872917929024693 0.0625451653790555 1.39566011814721 0.162816869473764
covarPC4 0.029515916244086 0.063898890399357 0.461915943447792 0.644141600177501
covarPC5 -0.0159750737983343 0.0679315764679773 -0.235164184742053 0.814081302975208
covarPC6 0.00092506611273009 0.0553015751405903 0.0167276630073979 0.986653878357845
covarPC7 0.075003966502818 0.0573910063188673 1.30689408173281 0.191248686370856
covarPC8 -0.0666484843375866 0.0597832066691548 -1.11483622326291 0.264920610725243
covarPC9 0.02240558510213 0.0573095635096345 0.39095717590596 0.695828890265946
covarPC10 -0.0649357344566763 0.0603721680559755 -1.07559056677358 0.282110408093685
covarPC11 0.0197207280173159 0.0597692415983872 0.329947770624683 0.741439427045436
covarPC12 0.00688826955723265 0.0572559977700276 0.120306515046683 0.904240343338842
covarPC13 -0.00471156854033601 0.0567174200216932 -0.0830709249210196 0.933795144470328
covarPC14 0.0633805663032427 0.0579777285862273 1.09318815774199 0.274311195428219
covarPC15 0.00904392619075325 0.0586846163311346 0.154110681063703 0.87752246662121
covarPC16 -0.00841036835788505 0.0589515074719998 -0.142665874352403 0.886554069288237
covarPC17 -0.0774832155410231 0.0589546396032524 -1.31428528886722 0.188750216012618
covarPC18 0.0239752202643659 0.0564830175197692 0.424467766014352 0.671224708527944
covarPC19 0.015653428494682 0.057477315232376 0.272340982375333 0.785359847274584
covarPC20 0.00165726924782436 0.0565812166857945 0.0292900956341655 0.976633226053835
proband 0.0195224895788307 0.0627453264899176 0.311138544828 0.755695299818904
paternal -0.178544820991852 0.118707784363712 -1.50407003170747 0.132563335673095
gpp -0.0932300360404538 0.159888476120366 -0.583094156018282 0.559829917592127
gmp 0.210934900769535 0.150863948433622 1.39817963774389 0.162059129827245
