 intercept PC1 PC2 PC3 PC4 PC5 PC6 PC7 PC8 PC9 PC10 PC11 PC12 PC13 PC14 PC15 PC16 PC17 PC18 PC19 PC20 proband
intercept 0.0007664265324720024 7.687260956280883e-08 -2.3534541255523394e-05 1.6078933129562824e-06 1.0860190505687673e-06 1.26174032367701e-07 2.304911017628081e-06 2.0064712284365824e-06 -6.660114803372717e-07 2.487139060700286e-06 -1.38404065900362e-06 3.5121809256201637e-07 -5.238378285625783e-07 -1.910002572224044e-06 -1.5652920734980444e-06 -1.8555676863568003e-06 1.0829507989229481e-06 -1.504842838337361e-06 -6.154557837455716e-07 9.58126149774289e-07 -6.460003721563803e-07 9.41048451368922e-08
PC1 7.68726095628073e-08 2.5889235678831127e-06 -1.669233708441026e-06 -3.454941624572029e-07 -4.9490542771305564e-08 -2.9166190271685073e-07 6.896291615734179e-08 1.1489094160713829e-07 8.09541377035371e-08 -3.128833335741748e-08 1.7982230523138905e-07 -1.5403357616055364e-08 5.997508582173097e-07 -1.3145290572372123e-07 -2.411492287898674e-07 -7.112541248028199e-07 -6.432774894890083e-07 2.0828034059404662e-07 1.6130423235298644e-08 1.9033884161572238e-07 4.056761725894633e-08 -4.755713573054326e-06
PC2 -2.353454125552338e-05 -1.6692337084410258e-06 4.821515479895219e-05 8.33920866450385e-07 1.3689320761079692e-06 -5.91629101209268e-07 -5.117984241602446e-07 -4.798281123509081e-07 1.0770402873745621e-06 -3.2922905305822007e-07 -2.7839038668277117e-08 9.826820766725748e-09 -9.720586427082804e-07 8.421489883347749e-07 -1.1273313839583405e-06 7.834513345556226e-08 1.5959451628858443e-07 8.162316335737817e-07 2.393023976276043e-07 -4.0572110871351446e-07 -3.0760665134865937e-07 9.141060031665258e-06
PC3 1.6078933129562824e-06 -3.454941624572027e-07 8.339208664503847e-07 4.945058303978845e-06 1.5212327441330097e-07 1.2454501373025467e-06 1.952167611623584e-08 4.840942846853983e-07 -2.3260485563040386e-07 -9.899234931645072e-07 -8.476654611920717e-08 4.3516759522296693e-07 6.609014988342073e-08 -7.540273975447589e-07 1.2325849102319275e-07 -3.018518813112889e-08 2.6283036989131826e-07 -3.823385188186074e-07 -5.565254465606357e-07 4.1146836041427105e-07 1.3689355424473294e-07 -2.5217370263107118e-06
PC4 1.0860190505687696e-06 -4.949054277130551e-08 1.3689320761079688e-06 1.5212327441330108e-07 9.337443313873889e-06 1.63174080403195e-06 -4.3590378677283747e-07 2.5328853898923925e-07 -1.2806669129881178e-06 4.4874606120917394e-07 3.985435866536097e-07 2.8180966187094177e-07 -1.064238088411846e-06 -6.76218885414535e-07 6.807455060968125e-08 6.815220127722934e-10 5.698040726288227e-08 -7.886072876397873e-08 -4.6943256151228247e-07 -1.208971411163018e-07 1.185274429087081e-07 -1.280478881723756e-06
PC5 1.2617403236770294e-07 -2.9166190271685073e-07 -5.916291012092671e-07 1.2454501373025475e-06 1.631740804031951e-06 1.675930951611124e-05 3.968670985590294e-07 1.0178700656715336e-06 -7.088053754784494e-07 -5.743284882551657e-07 -4.0635791100882263e-07 -8.598378781440459e-07 5.795684645913402e-07 -1.2209245127730904e-06 4.923839013389608e-07 6.609869213914787e-08 -6.020737456277566e-08 7.392480306494202e-07 -1.6530779565387197e-07 1.9214890850540015e-07 -1.4296737688207094e-07 -1.0502748425980368e-07
PC6 2.3049110176280777e-06 6.896291615734168e-08 -5.117984241602437e-07 1.952167611623608e-08 -4.3590378677283736e-07 3.968670985590295e-07 1.5725569995055444e-05 -3.181806316165476e-08 2.808611530520223e-07 2.0586935805798394e-07 1.0272072911171987e-07 -3.769356023229587e-07 -2.8533391292635808e-08 -1.2443337295288542e-07 -2.2193202613345715e-07 -1.1989457379464908e-07 -9.714976781985086e-08 2.951118178723838e-07 -4.170936027214596e-07 -2.1895453837818026e-07 -5.613460534649556e-07 -5.045423198467946e-09
PC7 2.0064712284365832e-06 1.1489094160713836e-07 -4.798281123509087e-07 4.840942846853982e-07 2.532885389892391e-07 1.0178700656715332e-06 -3.1818063161655144e-08 1.339311586974889e-05 9.225913794588389e-07 -2.3615199832495392e-07 -1.3323616081856334e-07 1.2020028790121588e-06 3.703922166228452e-07 2.3267672529665094e-07 -3.3118356724465223e-07 -5.244333048787647e-07 1.1273118063422378e-07 -4.102493617482404e-07 7.627717468261913e-08 4.240593327317237e-08 -4.727369150070408e-07 -1.3244027574493577e-06
PC8 -6.660114803372716e-07 8.095413770353722e-08 1.0770402873745607e-06 -2.3260485563040407e-07 -1.2806669129881183e-06 -7.088053754784495e-07 2.8086115305202253e-07 9.225913794588382e-07 1.4876081502448079e-05 3.2862675604586676e-07 3.43120170311019e-07 -8.107598006730336e-07 3.8565195659063403e-07 -9.467487718005019e-08 -4.945987126738874e-07 -4.365557528954721e-07 3.5906660687362594e-07 9.859847311515594e-08 -7.866968589495168e-07 -2.5208525285950165e-07 9.435717685417842e-08 -1.228099918807568e-06
PC9 2.487139060700286e-06 -3.128833335741737e-08 -3.2922905305822033e-07 -9.899234931645074e-07 4.4874606120917394e-07 -5.74328488255165e-07 2.0586935805798378e-07 -2.3615199832495374e-07 3.2862675604586624e-07 1.2831353777073572e-05 -2.2691616084428593e-07 -4.152647744548474e-08 -4.1723795758837767e-07 6.470387433986889e-08 -8.370446631281934e-07 4.4079986279656297e-07 4.193828684541414e-07 4.6417653354795264e-07 -5.427303819696708e-07 -2.8202517106861687e-07 -7.368140738588501e-07 1.727717188063807e-06
PC10 -1.384040659003622e-06 1.798223052313891e-07 -2.7839038668276763e-08 -8.476654611920722e-08 3.985435866536098e-07 -4.063579110088228e-07 1.0272072911171999e-07 -1.332361608185632e-07 3.4312017031101896e-07 -2.2691616084428596e-07 1.286033236392571e-05 -4.959304976410746e-07 -8.582434140440778e-08 -3.0008652408012876e-07 -9.642733203639904e-09 2.182253526347754e-07 -3.6762622961994987e-07 6.842104944673753e-08 1.426117178304989e-07 4.565531750539024e-07 9.570913126059686e-08 -1.6922524734208362e-06
PC11 3.512180925620178e-07 -1.5403357616055474e-08 9.826820766726102e-09 4.3516759522296735e-07 2.8180966187094166e-07 -8.598378781440459e-07 -3.7693560232295923e-07 1.2020028790121588e-06 -8.107598006730334e-07 -4.1526477445485e-08 -4.959304976410744e-07 1.2666188143447147e-05 -4.694118567171036e-09 -1.4364729738085175e-07 -4.4227307718975126e-07 3.5211954354836165e-07 2.4707658612724464e-07 4.5393227698092094e-07 6.865172297587571e-08 6.303174616031968e-07 2.5269888746450823e-07 1.0758105423276178e-06
PC12 -5.238378285625766e-07 5.9975085821731e-07 -9.720586427082797e-07 6.609014988342047e-08 -1.0642380884118465e-06 5.795684645913399e-07 -2.8533391292635752e-08 3.7039221662284515e-07 3.856519565906343e-07 -4.172379575883778e-07 -8.58243414044082e-08 -4.694118567170931e-09 1.1550287855291477e-05 -2.2823338773975003e-08 -6.228975853774286e-08 -5.310046043943247e-07 2.3089807881529134e-07 -1.4731152052595777e-07 -1.7195950584565826e-07 -1.5321358802300872e-07 -5.989505867451441e-07 2.7805812367473298e-06
PC13 -1.910002572224044e-06 -1.314529057237216e-07 8.421489883347748e-07 -7.54027397544759e-07 -6.762188854145349e-07 -1.2209245127730897e-06 -1.2443337295288508e-07 2.3267672529665015e-07 -9.467487718005041e-08 6.470387433986883e-08 -3.000865240801286e-07 -1.4364729738085217e-07 -2.2823338773975195e-08 1.1893919147287278e-05 -6.514891449177627e-07 9.855081152820652e-07 2.1644094090561887e-07 1.620337835268321e-07 -8.799432867550134e-08 -3.0676977648751283e-09 1.7712541917243193e-07 -2.4752395237140216e-06
PC14 -1.5652920734980425e-06 -2.4114922878986766e-07 -1.1273313839583411e-06 1.232584910231929e-07 6.8074550609681e-08 4.923839013389604e-07 -2.2193202613345705e-07 -3.311835672446519e-07 -4.945987126738873e-07 -8.370446631281934e-07 -9.642733203639716e-09 -4.422730771897521e-07 -6.228975853774324e-08 -6.51489144917763e-07 1.2416322935025083e-05 -1.1327804798003404e-07 3.7041698735828696e-08 -1.0202403483875122e-08 1.5480377008270088e-07 -8.18616687804895e-08 1.4660510110617963e-07 -4.1563010128227e-06
PC15 -1.8555676863567986e-06 -7.112541248028198e-07 7.834513345556309e-08 -3.0185188131128974e-08 6.815220127720288e-10 6.609869213914782e-08 -1.198945737946488e-07 -5.244333048787646e-07 -4.365557528954719e-07 4.4079986279656324e-07 2.1822535263477556e-07 3.5211954354836134e-07 -5.310046043943245e-07 9.855081152820654e-07 -1.132780479800341e-07 1.1660475766775266e-05 3.605107205568576e-07 -6.928023930356017e-07 -9.832292683987296e-08 -1.3274518027221914e-07 1.0037624273628121e-07 -6.408520825599059e-07
PC16 1.082950798922946e-06 -6.432774894890083e-07 1.5959451628858498e-07 2.6283036989131783e-07 5.698040726288226e-08 -6.020737456277615e-08 -9.714976781985102e-08 1.1273118063422354e-07 3.5906660687362594e-07 4.1938286845414165e-07 -3.6762622961995e-07 2.470765861272448e-07 2.3089807881529113e-07 2.1644094090561906e-07 3.704169873582849e-08 3.605107205568579e-07 1.1947479727999912e-05 -3.8886933293991056e-07 1.961161665839678e-08 -6.540014103157325e-07 -2.2473464622237714e-07 9.001603887453779e-07
PC17 -1.5048428383373628e-06 2.082803405940467e-07 8.162316335737822e-07 -3.8233851881860747e-07 -7.886072876397844e-08 7.392480306494208e-07 2.9511181787238356e-07 -4.102493617482406e-07 9.859847311515589e-08 4.641765335479524e-07 6.842104944673769e-08 4.5393227698092137e-07 -1.4731152052595788e-07 1.6203378352683246e-07 -1.02024034838747e-08 -6.928023930356016e-07 -3.8886933293991067e-07 1.077132910618529e-05 3.5938885421428024e-07 -1.729580957024448e-07 1.3040137573713933e-07 2.6517750195474436e-06
PC18 -6.154557837455713e-07 1.613042323529867e-08 2.3930239762760424e-07 -5.565254465606353e-07 -4.694325615122821e-07 -1.6530779565387167e-07 -4.1709360272145965e-07 7.627717468261924e-08 -7.866968589495166e-07 -5.427303819696712e-07 1.426117178304993e-07 6.865172297587577e-08 -1.7195950584565841e-07 -8.79943286755013e-08 1.5480377008270107e-07 -9.83229268398731e-08 1.9611616658396543e-08 3.5938885421428013e-07 1.0818020084940855e-05 -2.556796972979964e-07 5.568468330638335e-08 2.4717675481648633e-06
PC19 9.581261497742886e-07 1.9033884161572225e-07 -4.0572110871351425e-07 4.114683604142711e-07 -1.2089714111630168e-07 1.9214890850540039e-07 -2.1895453837818008e-07 4.240593327317239e-08 -2.520852528595017e-07 -2.820251710686169e-07 4.5655317505390255e-07 6.303174616031971e-07 -1.5321358802300888e-07 -3.067697764874775e-09 -8.186166878048972e-08 -1.3274518027221903e-07 -6.540014103157323e-07 -1.72958095702445e-07 -2.556796972979966e-07 1.090171833592247e-05 5.54898945556668e-07 4.981207007228212e-07
PC20 -6.460003721563811e-07 4.056761725894623e-08 -3.076066513486599e-07 1.3689355424473297e-07 1.1852744290870781e-07 -1.4296737688207091e-07 -5.613460534649552e-07 -4.727369150070408e-07 9.435717685417836e-08 -7.368140738588497e-07 9.570913126059689e-08 2.526988874645083e-07 -5.989505867451441e-07 1.7712541917243206e-07 1.466051011061797e-07 1.0037624273628155e-07 -2.24734646222377e-07 1.3040137573713896e-07 5.568468330638303e-08 5.548989455566682e-07 1.0136222529262093e-05 -1.69757216705114e-06
proband 9.41048451368989e-08 -4.7557135730543245e-06 9.14106003166526e-06 -2.5217370263107114e-06 -1.2804788817237573e-06 -1.050274842598052e-07 -5.045423198467732e-09 -1.3244027574493594e-06 -1.228099918807568e-06 1.7277171880638052e-06 -1.6922524734208351e-06 1.0758105423276203e-06 2.7805812367473294e-06 -2.475239523714022e-06 -4.156301012822696e-06 -6.40852082559907e-07 9.00160388745377e-07 2.6517750195474436e-06 2.471767548164863e-06 4.981207007228221e-07 -1.6975721670511364e-06 0.000558921551794614
